5.3453
5.3654
6.0882
6.0994
7.0347
7.0598
8.684699999999999
8.7029
8.716799999999999
8.756600000000001
9.217700000000001
9.268599999999999
9.542899999999999
10.4527
10.474
13.7844
13.8324
13.8616
13.9423
16.4855
18.322
20.069
20.1441
20.1684
20.5179
20.5554
20.8199
20.9123
20.9377
20.9593
21.1313
21.1517
23.0904
25.5955
25.6184
25.6593
25.6692
25.7529
26.717
26.7578
26.7676
26.7799
26.7977
26.8076
27.4752
27.5016
27.5238
27.5779
27.7958
27.8086
27.8336
27.846
28.0835
28.0934
28.1019
28.1119
28.1585
28.1961
29.055
29.0747
30.2815
30.8227
31.9913
32.022
32.0674
32.0854
32.1379
32.176
32.2337
32.2645
32.6931
32.7668
32.7881
33.0741
33.1638
33.67
33.6802
34.096
34.4788
35.1602
35.2025
35.3994
35.4159
35.4384
35.4714
35.937
35.9653
37.1538
37.167
37.1977
37.2366
37.5729
37.584
37.5981
37.6135
37.624
37.9277
38.311
38.3245
38.3373
39.0204
39.0338
39.0607
39.0887
39.1276
39.2398
39.4811
39.4955
39.8204
39.8331
39.8465
39.8789
41.728
41.7612
42.4437
42.4652
42.4946
43.1022
43.1146
43.1882
43.2123
43.2854
43.313
43.3452
43.4388
43.5641
43.5929
43.6401
43.7817
44.01
44.0225
44.0343
44.0527
44.0619
44.0825
44.2508
44.2641
44.2783
44.3006
44.3165
44.6637
44.676
44.8804
45.0686
46.8512
47.2319
47.2503
47.2843
47.7503
48.2606
48.2749
48.8661
48.8795
48.9152
48.9486
48.9942
49.0189
49.1406
49.9236
49.9446
50.3905
50.4106
50.4561
51.967
51.9991
52.033
52.4525
52.468
52.4991
52.861
52.8737
52.9124
55.7041
56.0562
56.3681
56.6024
56.6263
58.2804
58.3484
58.4045
58.5063
58.5176
58.5576
59.169
59.2086
59.226
59.2783
59.3189
59.3464
59.3773
59.4009
64.59220000000001
65.10380000000001
65.1546
67.44459999999999
67.613
67.64239999999999
67.8973
67.9254
67.9607
67.9816
68.1871
68.1987
68.2089
68.2522
70.50749999999999
70.5301
71.117
71.1391
71.1845
71.2109
71.2877
72.4248
72.4391
72.4894
72.5326
72.5722
72.5852
72.7274
73.4996
75.5612
77.17659999999999
77.19710000000001
77.2119
77.34350000000001
78.1767
78.2133
78.871
78.93470000000001
78.9706
81.5907
82.1056
82.11669999999999
82.1541
82.1705
82.3297
82.3873
82.4053
82.7388
82.7576
83.9806
84.0013
84.05119999999999
84.0654
84.1073
84.14490000000001
84.1939
84.3402
84.3527
84.38330000000001
84.417
84.6005
86.0954
86.1327
86.56489999999999
86.991
87.00790000000001
87.0239
87.0736
87.3777
87.99809999999999
88.1564
88.4755
89.90300000000001
89.9999
90.06019999999999
90.2377
90.25279999999999
90.2689
90.31310000000001
90.5916
90.6266
90.64960000000001
90.8871
90.8999
90.9186
90.94289999999999
90.9742
91.008
91.0827
91.09480000000001
91.1264
91.3844
91.5303
92.7876
92.8451
92.86969999999999
94.04900000000001
94.0864
94.29989999999999
94.4121
94.4226
94.51900000000001
94.9594
95.3395
95.3897
95.5243
95.53319999999999
95.5467
95.5591
95.6142
96.2893
96.3115
96.33
98.91119999999999
98.92740000000001
99.0311
99.6763
99.6867
99.7072
99.7371
99.7587
99.7701
99.82559999999999
99.92310000000001
100.1589
100.1737
100.1858
100.2242
100.33
100.4558
100.5625
100.6212
100.779
100.7921
101.9944
102.0253
102.0461
102.0641
102.0809
103.5313
103.5423
103.5599
103.5975
103.6324
104.2514
104.2624
104.2812
104.3231
104.6967
104.7339
104.7457
104.7691
104.7808
104.8167
104.8272
104.8712
104.9238
104.9339
105.0414
105.0523
105.5808
105.5939
105.6141
106.312
107.0824
107.113
107.1525
107.1831
107.2166
107.4143
107.8548
108.2459
108.2683
108.3458
109.3608
109.3934
109.494
111.8475
111.8616
111.8795
112.3634
113.6846
113.7141
113.7749
113.7931
116.2885
116.3683
116.4607
116.471
118.1143
118.1879
118.6965
118.7097
119.9432
119.9937
120.2864
120.3277
120.3422
120.3655
120.4019
120.9665
121.0201
121.0548
121.0951
121.1846
121.4872
121.5933
121.8711
121.8952
121.9609
122.1276
122.1571
122.3647
123.5413
123.6472
123.6673
124.1197
124.2495
124.578
124.6015
125.1867
125.2118
125.237
125.2606
125.3067
126.0056
126.0161
126.6101
126.6471
126.6765
127.6735
127.7024
130.3849
131.3053
131.3924
133.327
133.3359
133.7118
133.7254
133.7419
133.7673
133.7838
134.2842
134.3096
135.5557
135.5927
135.6097
135.6426
135.6607
135.7001
135.8252
135.862
135.8794
135.9269
136.5987
137.3429
138.6667
140.4729
141.3703
141.4174
141.5977
141.6228
142.0159
142.0262
142.0358
142.0532
142.0646
142.0818
142.1101
143.2131
143.6993
143.7217
143.9836
144.2669
144.4746
144.5027
147.4492
147.5186
147.54
149.2943
149.5086
149.98
150.1139
150.1329
150.425
150.5019
150.5207
150.5383
150.5678
150.7771
150.8297
150.8434
150.8953
150.9952
151.0117
151.108
151.2983
151.6076
151.6801
151.7384
151.9171
151.9291
153.3046
153.3158
153.3285
153.3571
153.504
153.5188
153.6424
153.8203
154.055
154.0811
154.0921
154.1261
154.8217
155.3756
155.4041
155.4113
155.5839
155.6354
155.8778
155.898
155.9325
156.372
156.3983
158.1557
158.8826
158.9797
159.0356
159.1881
159.3558
160.058
160.0721
160.0925
160.1108
160.1704
160.1973
161.6215
161.6593
161.704
161.7516
161.8883
161.9075
162.0202
162.0297
162.2089
162.2177
162.2302
162.2401
162.3121
162.4338
162.4468
162.6874
162.8985
162.9104
162.9267
163.752
163.7945
163.8315
163.8556
163.8675
163.8812
163.9027
163.9277
165.4423
165.5191
166.6367
166.6594
166.6778
168.877
169.4737
169.4903
169.6128
169.9252
169.9413
169.9624
169.9805
169.9991
170.0147
170.7535
170.9822
171.6013
171.6362
172.2054
172.2275
172.3641
172.8308
172.8946
174.2616
174.2876
174.4167
174.4685
174.4885
174.5058
174.9486
174.9716
174.9817
175.1797
175.1995
175.2132
175.2276
175.3987
175.8336
175.8482
175.8747
175.9078
175.9287
176.0049
176.0169
176.0955
176.9452
177.0062
177.0306
177.1214
177.4866
177.5004
178.6779
178.6905
178.7245
178.9611
178.971
179.0449
179.055
179.2063
179.2184
180.2281
180.253
180.2774
180.3091
180.3626
180.4804
180.4901
180.5347
180.5861
180.7191
180.739
180.8567
180.8678
181.677
181.6893
181.7109
182.3749
182.3885
182.4224
182.4418
182.4582
182.4917
182.7282
182.7401
182.7696
183.6431
183.6553
183.6779
183.7512
183.7774
183.8913
183.9025
184.0549
184.0888
184.1405
184.157
184.1788
184.6592
185.5518
186.0042
186.0255
187.6464
187.6599
187.7884
188.0602
188.2731
188.3473
188.3738
188.412
188.8959
189.0633
189.078
189.0943
189.1327
189.1571
189.194
189.645
189.6906
189.7162
190.004
190.0581
190.1485
190.1861
190.5634
190.5879
190.9706
190.9984
191.0332
191.0514
191.1021
191.4588
191.6177
191.6295
191.6601
191.8515
191.8763
192.2646
192.2754
192.5854
192.5923
192.6017
192.6116
192.9485
192.961
192.9735
192.9894
193.3395
193.3507
193.3833
193.3962
193.6541
193.6715
193.9858
194.1789
194.1902
194.208
194.2438
194.2769
194.7366
195.2535
195.2779
195.3571
195.3696
195.6265
196.2165
196.8169
196.8277
196.8422
196.8622
197.2019
197.8807
198.7242
198.7491
198.9553
198.9707
199.1546
199.1725
199.2244
199.6537
199.8804
199.8906
200.0767
200.6124
200.6288
200.6615
200.6828
201.0032
201.0158
201.1352
201.3122
201.9712
202.2247
202.2412
202.2694
202.2852
202.6903
202.7034
202.7279
203.1789
203.1961
203.3335
203.3786
204.5581
204.5712
204.5971
205.0439
205.2175
205.2574
205.2835
205.5147
206.2258
206.2459
206.2727
206.3514
206.9553
206.969
206.9955
209.8517
210.2677
210.3053
212.5009
212.7846
212.8046
213.0377
213.0558
213.0941
213.1161
213.1268
213.1579
213.7364
213.7482
213.8129
213.8343
214.4379
214.9327
214.9531
215.0316
215.1532
215.282
215.296
215.3286
215.35
215.3721
215.4083
215.7229
215.7422
216.2521
216.4837
216.6974
216.7181
216.7377
216.7575
217.9965
218.4084
218.4327
218.4535
218.9273
218.9464
218.9763
220.3131
220.3294
220.3562
224.9586
226.6195
226.641
226.6719
226.9334
227.2584
227.2903
227.3167
227.6178
227.6357
227.646
227.6592
227.6993
228.0657
228.0957
228.2249
228.2526
228.3495
228.6165
228.6756
228.7517
228.9637
228.9956
229.2743
229.3416
229.6378
229.7321
230.0043
230.031
230.5685
230.5994
230.928
230.9417
231.321
231.345
232.2966
232.3069
232.4342
232.4441
232.4593
232.509
232.543
232.6994
232.7798
232.8161
232.8279
232.8417
233.3594
233.3791
233.397
233.4261
233.5815
233.6133
233.8286
234.4006
234.8876
234.9058
234.9286
235.6421
235.8573
235.9448
235.967
235.9793
236.8085
237.6373
237.6833
239.1456
239.1646
239.187
241.2606
242.1009
244.0681
244.7546
247.3866
247.4017
247.4228
247.4385
247.5085
247.8398
248.3069
248.3287
248.4494
249.3039
249.3207
249.3415
249.3569
249.9118
250.0993
250.1097
250.1402
250.1591
250.1811
250.2045
250.3537
250.3815
250.4227
252.5684
252.5837
252.5983
252.6134
252.6356
252.6683
253.0908
253.1213
253.1426
253.4923
253.5031
254.9013
255.0436
257.0234
257.0617
257.665
258.2662
258.2936
258.3708
258.3992
258.6186
258.6357
258.6729
258.6936
258.7484
258.8582
259.2672
259.2887
259.3232
259.7646
259.9368
260.0252
260.0483
260.0944
260.687
260.9685
260.9786
261.3416
261.3609
261.3992
261.7507
261.767
261.8176
262.0821
262.1953
262.9944
263.1267
263.1339
263.1487
263.2414
263.2523
263.5249
263.5373
263.5661
263.5766
264.6745
264.7728
264.794
264.8293
265.4787
265.4936
266.1673
266.6681
266.7037
266.7441
266.8329
266.8675
268.5763
270.7604
270.7854
270.8752
270.9089
271.109
271.4178
271.5255
271.5373
271.5721
271.9236
271.9553
271.9844
272.0144
272.1027
272.1136
272.2182
272.2332
272.3069
272.3191
272.4317
273.0642
273.4678
273.4863
273.5199
273.7521
273.7626
273.7991
273.8303
274.1661
274.1795
274.4589
274.5029
274.8093
274.8177
274.8318
274.8575
275.081
275.0987
275.1114
275.1358
275.5374
275.7051
275.7167
275.7516
276.3096
276.4301
276.4509
276.8622
277.1114
279.4098
279.4338
279.7614
279.7747
279.7862
280.2829
280.4597
280.5021
280.6039
281.4592
281.4734
282.0131
282.193
282.2262
283.1094
283.3208
283.4954
283.5124
284.8575
284.8853
284.9155
285.7631
285.7923
285.8486
285.9513
286.1265
286.5092
286.5307
286.5511
286.7488
288.0578
288.7394
288.7654
288.8571
288.8963
288.9277
289.2025
289.451
289.4944
289.5393
289.5561
290.9312
291.0153
295.1851
296.9801
297.8866
299.5785
299.5959
299.6333
299.6952
300.0976
300.1168
300.1381
300.2261
300.2407
301.8845
304.6111
305.7565
306.2174
306.262
307.031
308.8163
308.8849
308.9339
309.0549
309.065
309.7039
309.8265
309.9829
310.4538
310.4688
310.5135
310.6063
310.6333
310.649
310.9941
311.0338
311.0462
311.318
311.3343
311.3496
311.3832
311.685
312.72
312.7616
312.9689
313.3516
313.3632
314.7958
314.8189
314.8885
314.9986
315.49
315.6639
316.2272
316.2426
317.8187
318.6548
319.0379
319.0923
319.122
319.3741
319.3899
319.4276
320.2505
321.1084
321.1258
321.1682
321.2605
324.2782
324.2898
324.3221
327.9153
327.9538
329.4428
331.138
331.1771
331.1925
331.2142
331.8458
331.8659
331.887
331.9261
332.2163
332.5208
333.0559
333.1379
333.1576
333.9103
333.9264
333.9765
334.0036
334.1008
335.5333
335.5856
335.6094
335.625
335.6481
335.6623
335.7436
336.4104
336.4201
336.4414
336.7657
336.9299
336.9434
336.9618
337.157
337.1794
337.7724
338.2189
338.5616
338.6483
338.6959
338.7421
338.7971
338.817
339.2857
339.3559
340.1069
340.2094
340.2328
340.6976
341.208
341.2192
341.8137
341.8304
341.8674
342.4934
342.5236
342.5668
342.6438
342.7724
343.0464
343.0898
343.5297
343.5498
344.6298
344.6711
344.7509
344.7705
344.8377
345.0535
345.0755
345.1164
345.2747
345.2912
345.317
345.7054
345.7393
345.7836
346.0312
346.0505
346.1269
346.1527
346.3629
346.3764
346.4001
346.4286
346.9881
347.0117
347.0374
347.0542
347.0879
347.1062
347.3687
347.3791
347.4049
347.4263
347.8895
347.9079
348.0426
348.0673
348.0875
348.1112
348.1851
348.2799
348.4382
348.457
348.4752
348.7185
348.7302
349.0298
349.0454
349.142
349.6086
349.8379
349.8669
350.1877
350.923
350.9634
351.1648
351.1903
351.4968
351.5304
351.906
352.512
352.5753
353.3293
353.3628
353.3981
353.9494
353.9805
354.2002
354.2207
354.5295
354.9975
355.1054
355.186
355.2126
355.4647
355.4892
355.6433
355.6646
355.6995
355.827
356.2202
356.599
356.6289
356.6895
356.7084
357.5371
358.0712
358.336
358.3508
358.6682
358.7731
358.996
359.0131
359.0309
359.9653
359.9753
360.0727
360.9479
360.9673
361.554
361.8809
362.4518
362.4629
362.9155
363.6939
363.7026
363.755
363.7887
364.0247
364.0361
364.054
364.181
364.5117
365.0083
365.02
365.0357
365.0531
365.5736
365.5814
365.6639
365.8313
365.8675
366.3088
366.7248
368.9407
368.9961
370.1207
370.1331
370.4339
370.4586
370.7289
370.7453
370.7707
370.7756
371.508
371.53
371.5682
371.6109
372.2967
372.3279
372.6673
373.5927
373.6107
373.6478
375.1977
376.6263
376.6474
376.76
376.859
377.1885
377.2323
377.2577
378.9221
379.0603
379.072
379.0891
379.1158
380.1608
380.2738
380.3136
380.6447
380.6656
380.6783
381.1518
381.1764
381.2069
381.8942
381.905
382.3894
382.6314
383.7618
385.3154
385.3327
385.4358
385.4494
385.9843
387.1322
387.1625
388.203
388.2208
390.1441
390.3394
390.3598
390.3894
390.4074
390.4217
390.4644
390.4742
390.5789
390.9866
390.9951
391.0084
391.039
391.0604
391.101
391.9512
392.3016
392.3499
392.7109
392.7239
392.7422
392.7597
393.3037
393.5787
393.6012
393.6122
393.6275
393.8576
393.8914
393.907
393.932
394.1836
394.2005
394.2256
395.9394
395.9665
397.8805
397.8963
397.9181
398.1648
399.5554
399.7814
399.8019
399.823
401.3247
401.3379
401.3852
401.4059
401.4219
401.7988
401.8928
401.9211
403.0086
403.025
403.0388
403.0722
403.1336
403.2477
403.374
403.4025
403.4224
403.4588
403.9053
403.9174
403.9346
404.2593
404.2711
404.2971
404.3344
404.8918
404.9209
405.2939
405.7058
405.736
405.7863
406.1254
407.0106
407.0228
407.5547
407.5672
407.6173
408.227
408.2558
408.4223
408.5144
408.5244
408.5916
408.6019
408.9286
408.9395
408.979
409.0129
409.0285
409.1538
409.221
409.5242
409.5452
409.7802
409.792
409.8021
409.8186
410.5471
413.4547
414.4566
415.2794
415.4959
416.8677
416.8911
416.9255
417.1379
417.1869
417.2055
417.5162
417.5456
417.7847
417.8139
417.8517
417.8616
418.2447
418.3177
418.3486
418.8443
418.8888
419.2354
420.0348
420.2455
420.2756
420.5367
421.4117
421.4265
421.4514
424.0495
425.2566
425.2808
425.3591
425.4538
426.3772
426.3916
428.5991
428.6195
428.6415
428.659
430.0209
430.0716
430.1133
430.1365
430.7555
430.8122
431.2459
432.2008
432.2349
432.2676
432.335
432.3469
432.6723
432.9127
432.9973
433.0085
433.0331
434.1764
434.8925
434.9423
434.96
434.9869
436.0872
436.1506
436.1721
436.2236
436.3766
436.7814
436.8191
436.8843
436.9167
437.1299
438.0266
438.0989
438.1121
438.1965
438.2093
440.1232
440.3795
440.3897
440.4095
441.9251
441.9379
441.9507
441.9846
445.5914
445.6074
445.6522
446.0048
446.7777
447.0427
448.0765
448.0876
452.1631
452.541
452.5622
453.695
453.7171
453.7673
453.8042
453.8417
454.3773
454.6451
454.6641
454.7076
454.7206
454.7361
454.7847
454.8056
456.0817
456.1937
456.2184
457.1333
457.1447
457.1622
457.1988
457.9255
457.9917
458.4547
458.5772
458.6124
458.6392
458.9156
458.9321
461.2748
461.5402
462.9256
462.9646
462.9939
463.9734
463.992
464.4457
464.554
465.7628
465.7747
468.582
468.6162
468.951
468.9816
469.2972
469.5863
469.6
469.6329
469.725
469.7481
469.8787
469.9149
469.9564
470.0106
470.0333
470.0557
470.2052
470.4711
470.4828
470.5021
470.5162
470.533
470.5483
470.5704
470.5966
470.6271
470.6743
470.956
471.0887
471.0964
471.1056
471.1321
471.1637
471.22
471.6547
471.808
472.2035
472.5796
472.7645
472.7906
473.373
473.4208
473.4467
473.812
473.8316
473.8573
473.8893
473.9055
474.3118
474.6443
475.0703
475.3449
476.5884
476.6251
478.3197
478.5433
478.947
478.9817
479.0166
479.3817
479.8106
479.997
480.0233
480.0472
480.0998
480.2735
480.477
480.5116
480.7591
481.3921
483.2877
483.2993
483.3422
483.365
483.4138
484.3193
484.3501
486.3504
487.1556
487.2771
487.2961
487.3157
487.7719
487.8233
488.163
488.6705
488.6902
488.7986
490.8636
490.8856
491.0278
491.2518
494.509
494.5155
494.5307
494.5511
494.727
495.2917
496.2893
496.8557
499.1055
499.1212
499.1447
499.1862
499.3599
500.5409
502.5057
502.5406
503.9895
504.0005
504.0568
504.0697
504.1191
504.4275
504.6236
504.633
505.2542
505.2878
505.3252
506.0852
506.0979
506.911
507.9226
508.0123
508.4617
508.5152
508.5388
508.5677
508.8783
509.1008
509.3064
509.3866
510.0136
510.0585
510.2008
510.2199
510.2514
511.1692
511.6442
511.6777
511.8269
511.8673
512.2486
512.4463000000001
512.4549
513.6677999999999
513.7028
513.7166999999999
513.7473
513.7659
513.7898
513.8234
513.8733
514.2908
514.3054
514.4440999999999
514.4479
514.4896
515.0912
515.1121000000001
515.1333999999999
515.3530000000001
515.4244
515.5608999999999
515.6107
515.7933
516.2186
516.2446
516.2653
516.2954999999999
516.3697
516.4067
516.7139
516.7233
516.7366
516.7529
516.7713
518.0842
518.6347000000001
518.6889
518.8944
519.9918
520.0373999999999
520.0642
520.0942
520.8887
520.9016
521.8954
521.9126
522.9464
522.9842
524.0199
524.2710999999999
524.3126999999999
524.8551
525.3985
526.2504
526.2642
526.4815
526.4919
526.5377
527.7915
527.822
528.0056999999999
528.0164
528.0562
528.0866
528.1371
528.2344000000001
528.2498000000001
528.436
528.4463000000001
529.8166
529.828
529.857
529.9159
529.9628
530.5028
530.5351000000001
530.5628
530.5853
531.0508
531.6016
532.3835
532.4032
532.4438
533.2067999999999
533.2305
533.5027
533.521
534.1293000000001
534.1804999999999
534.1939
538.265
538.2784
538.6197999999999
538.6505
539.9931
540.0516
541.0304
541.1433
541.3342
541.3688
541.5884
541.6061
541.6494
543.0543
543.0846
543.6124
543.6745
543.7028
543.7598
544.5656
544.5853
544.6409
544.6593
544.7052
549.7085999999999
552.4926
553.2712
553.3153
553.3563
553.4609
553.4886
553.4981
553.6254
553.6376
554.9590000000001
554.9713
555.0128
555.0242000000001
555.0871
555.3475
556.8347
556.8691
556.9929
557.0168
558.3587
558.3876
558.4093
558.6399
559.5123
562.7515000000001
563.2767
563.2895
563.3107
563.3361
563.4200000000001
563.4533
563.577
563.8659
563.8811000000001
563.9494999999999
564.5550000000001
565.4401
565.4576
565.5026
565.5525
565.8468
565.9085
566.8408999999999
566.8541
567.1491
567.1701
567.1906
567.2181
567.4841
567.4966999999999
567.5553
567.5895
567.616
567.9590000000001
568.2765999999999
568.2881
568.3142
568.7515000000001
568.775
568.8029
569.0008
569.0958000000001
569.1078
569.3733
569.3845
569.4557
569.4648
569.6857
569.9716000000001
570.4238
571.3241
571.3573
571.3836
571.7602999999999
571.7762
571.9182000000001
572.4065000000001
572.6003000000001
573.6018
573.6164
573.7779
573.8027999999999
574.8966
574.9195999999999
574.9602
574.99
575.6976999999999
575.9445000000001
575.9664
575.9863
578.4268999999999
578.8000999999999
578.8768
579.8198
579.8393
579.8924999999999
581.448
581.4733
581.5685
581.8033
582.0348
582.153
582.1789
582.5847
582.6933
583.0865
583.1030000000001
583.6315
583.6478999999999
583.6689
584.0672999999999
584.0908999999999
584.1016999999999
584.1469999999999
584.1827000000001
584.2546
584.264
584.4838999999999
585.2663
585.2756999999999
586.2194999999999
586.3688999999999
586.6816
586.7520999999999
587.1764000000001
587.2057
587.2707
591.4509
591.4621
593.1087
593.4651
593.5111999999999
593.5499
595.2573
596.7266999999999
598.2707
598.8594000000001
598.883
598.9437
600.3636
600.3795
600.4677
600.9946
601.0076
601.0322
601.0606
601.4239
601.4411
601.489
601.7021999999999
601.7111
601.7375
601.7483999999999
602.2231
602.4015000000001
602.7592
602.7779
603.1643
603.5377999999999
603.5956
603.6839
603.7085
604.1964
604.5371
604.6014
604.6354
605.5606
606.1312
607.5853
607.639
607.6974
607.7128
608.2298
608.2434
608.2767
608.3548
608.4465
608.4561
608.6232
608.8039
608.8189
608.8425999999999
609.2127
609.2237
609.2373
609.7198
609.8686
609.8783
609.8952
609.9424
610.0476
610.2325
610.265
610.2981
610.3108
610.499
610.5065
610.5598
610.5689
610.5801
610.6242999999999
610.6328999999999
611.5066
611.7353000000001
611.7483
612.7190000000001
613.0830999999999
613.1422
614.2564
614.2758
614.454
614.7604
615.4666999999999
615.5429
616.0608
617.3332
617.3437
617.4802
617.5726
617.6581
617.6769
617.7095
618.3048
618.3285
618.9897999999999
619.027
619.9853000000001
620.0126
620.0694999999999
620.7714
620.8528
621.8859
622.3656999999999
622.3764
622.4934
623.1009
623.1613
623.2529
623.2692
623.3206
623.3446
623.4556
623.5905
623.6123
623.7402
623.7637
623.7798
624.0531999999999
624.0668000000001
624.0977
624.123
624.6629
624.6886
624.8896
624.9023
624.9233
624.9709
625.2404
625.2553
625.2695
625.6605
625.7865
625.8
626.2619999999999
626.2789
626.2918
626.4774
626.7361
626.7454
627.732
628.9773
628.9897999999999
629.8859
629.9056
629.9267
629.9865
630.6283
630.7478
632.2398000000001
632.3226999999999
632.3623
632.418
632.612
632.9711
633.0097
633.8772
633.9094
634.0139
634.0335
634.0997
634.5064
634.5243
634.588
635.5101
636.9615
637.0085
639.5472
639.5653
639.6477
640.4553
640.5221
640.554
641.3944
641.4077
641.4927
642.5409999999999
642.5812
642.7631
642.7898
642.8071
642.852
643.0756
643.0918
643.1070999999999
643.1629
643.7476
643.8509
644.8722
644.9257
645.7254
646.6004
646.6215
646.6459
646.6854
647.0219
647.0398
647.2415999999999
647.2551
647.5846
647.6159
647.8813
647.9202
647.98
648.5479
648.567
648.8138
648.8285
648.8493
648.8691
651.7518
651.9598
651.9731
652.0071
653.8066
653.8223
653.8555
653.9075
654.3526000000001
654.3691
654.3901
654.4056
654.5034000000001
654.8015
654.8138
654.8306
654.8419
654.86
654.8942
655.8839
655.9466
656.2768
656.3362
657.0119
657.0449
657.0682
657.3899
659.4391000000001
659.4628
659.6432
660.2723
660.3305
661.3658
661.5057
661.9887
662.011
662.0743
662.8647
662.888
662.9155
662.9403
663.4272
663.4481
663.4854
665.4182
665.4646
665.4893
665.9455
666.0985000000001
666.1332
666.1844
667.8694
667.8876
667.9158
667.9351
667.954
667.9851
668.0445999999999
668.4355
668.4583
668.5186
668.6611
669.232
669.2477
669.2653
669.3933
669.4164
669.8115
669.827
669.8361
669.9392
669.9503999999999
670.3315
670.3616
671.6034
671.6548
671.8256
671.8406
671.877
671.8877
672.1084
672.2615
672.2862
672.2978000000001
672.3271
672.3723
672.414
672.5499
672.8422
672.8528
672.9007
672.9116
673.2207
673.2553
674.0552
674.0802
674.8489
675.4357
675.4585
676.2357
676.4621
676.4707
676.4855
676.7782
676.7888
677.4208
677.448
677.4895
677.5255
678.7153
678.7666
679.338
679.4025
679.7817
679.8119
680.6447000000001
681.4218
681.4439
681.8361
681.8597
681.9427000000001
682.2907
682.3268
683.1956
683.3518
685.9597
685.979
686.5175
687.2565
687.6478
687.7197
688.4464
688.4594
688.485
688.553
688.7782
688.8274
689.1233
689.818
690.4167
690.4386
690.4774
691.3101
691.4684
691.4872
691.7651
692.504
692.7545
693.4111
693.4663
693.484
693.9195
694.3621000000001
694.4007
694.4584
695.1765
696.0118
696.1852
696.1991
696.2123
696.2552000000001
696.3134
696.407
696.5072
696.521
697.2594
697.2706000000001
697.5477
697.5608
697.6272
697.6655
697.8349000000001
697.8474
698.4106
698.7909
699.3455
699.3552
699.3801
699.426
699.4524
699.9005
699.9236
699.9453
700.5565
700.5856
703.7896
703.8134
703.8280999999999
704.2135
704.2323
704.253
704.311
705.697
705.7178
706.287
706.302
706.879
707.0204
707.0473
707.9050999999999
708.6502
708.6779
709.1148000000001
709.1288
709.4329
709.4496
709.4664
709.4802999999999
709.8891
709.934
709.9564
710.1242
710.1333
710.3518
710.3703
710.3837
710.394
710.4072
711.0494
711.1704
711.1887
711.2002
711.2397
716.0333000000001
716.2032
717.9645
718.021
718.4113
719.2261
723.1800000000001
723.2218
724.2377
724.4675999999999
729.6653
729.681
729.7016
729.7166999999999
729.9584
729.9673
730.1632
730.1735
730.2241
730.2577
730.3017
730.5363
731.8190999999999
731.8295000000001
731.8826
731.9195999999999
731.9458
731.9597
732.5976000000001
732.6147
732.6496
732.6634
732.7012
732.7431
732.8862
732.9141
733.1335
733.1578
733.3459
733.58
733.7048
733.7322
734.1527
734.1644
734.206
734.2391
734.3069
734.3324
735.4475
735.4878
741.206
741.8719
741.8863
741.9009
742.5606
742.5911
742.6084
742.6264
744.5187
744.5454999999999
745.6987
746.4621
746.8627
746.8783
747.11
747.1303
747.1563
747.1949999999999
747.2118
747.2320999999999
747.5047
747.528
747.5648
747.5834
747.7304
747.7413
747.7707
748.0435
748.0549
748.2114
748.2918
748.3772
748.442
748.467
748.4836
748.5005
748.5382999999999
748.8235999999999
748.8395
748.8584
748.8724999999999
748.9005
748.9255000000001
749.5687
749.6197
749.662
749.6931
749.8299
750.0879
750.2458
750.4083000000001
750.4189
750.4376999999999
750.4581000000001
750.4926
750.7434000000001
750.7549
750.7712
750.7913
751.0486
751.0589
751.0837
751.3159000000001
751.3268
751.3516999999999
751.3685
751.3824
751.4246000000001
751.6163
751.6249
751.6348
751.6442999999999
751.6653
751.6818000000001
751.7124
751.7380000000001
751.7888
751.8287
752.2334
752.2506
752.3543999999999
752.3663
752.3941
752.9476
752.9624
753.1869
753.211
753.9245
754.7483999999999
754.7864
754.8153
756.4379
756.8234
756.8362999999999
756.8688
757.029
757.067
758.1211000000001
758.2806
758.3068000000001
758.331
758.4023999999999
758.7800999999999
758.8063
758.9452
759.379
759.4219000000001
760.0079000000001
760.0311
760.0453
760.3513
760.7141
760.7288
760.7597000000001
760.7925
760.8729
760.8924
761.4503
761.4635000000001
761.49
761.5368
762.4923
762.5056
762.5481
762.605
762.6347000000001
762.652
762.7443000000001
762.7701999999999
762.7984
762.905
762.9208
762.9385
762.9665
762.9811
762.9989
763.0335
763.3441
763.3558
763.3884
763.403
763.4212
763.447
763.4777
763.4943000000001
763.6287
763.638
763.6588
763.6797
763.6928
763.9331999999999
763.9472000000001
763.963
763.9917
764.0064
764.0617
764.7733000000001
765.3987
765.4182000000001
765.4517
765.4599000000001
765.6487999999999
765.6605999999999
765.697
765.7130999999999
765.7248999999999
767.5878
767.5979
767.6232
767.6392
768.0291999999999
768.0427999999999
768.061
768.3112
768.3511
769.4952000000001
770.2097
770.9035
772.0222
772.0423000000001
772.4249
772.8193
772.8389
773.3006
773.8051
773.8158
774.0808
774.0938
776.566
776.6529
777.3240000000001
778.4718
778.8902
778.9395
779.1398
779.8871
779.9009
779.9485
779.9784
780.1826
780.2012
780.223
780.2591
780.283
780.3829000000001
780.4122
780.4630999999999
780.4842
780.5685
781.0001999999999
781.5716
781.5869
781.6009
781.6187
781.6475
781.6697
781.6871
781.7182
782.2547
782.2927
782.3214
782.3405
782.3819
782.4041999999999
782.5874
782.5989
782.6238
782.6739
783.0092
783.0224000000001
783.139
783.1538
783.2090000000001
783.3411
783.35
783.3673
783.3872
784.326
785.2296
785.3996
785.4122
785.4358
785.4542
785.4763
785.4927
785.5261
785.8034
785.8377
785.8742999999999
785.9167
785.9502
785.9672
785.9929999999999
786.0492
786.1948
786.2084
786.3006
787.6650999999999
787.6766
787.7126000000001
787.7315
788.973
789.461
789.4965999999999
790.5400999999999
790.7454
791.6882000000001
792.4697
792.8714
792.9475
792.9493
792.9738
792.992
793.0404
793.0801
793.1046
793.6511
793.6659
793.7275
793.7453
793.8011
794.0688
794.0809
794.3224
794.3371
794.3558
794.3802000000001
794.4131
794.4293
794.4721999999999
794.4920999999999
795.0783
795.0934
795.1146
795.1477
795.164
795.1921
795.2202
796.2822
796.3138
796.4464
796.4569
796.4691
796.4816
796.4952000000001
796.5148
796.5436
796.9035
796.9172
796.9828
797.0182
797.0289
797.0425
797.059
798.1263
798.1529
798.1676
798.1871
798.2082
798.2263
798.2472
798.2672
798.2903
798.3291
798.3402
798.3592
798.3759
798.9422999999999
799.104
799.1559999999999
799.3758
799.4109
799.4276
799.4497
799.4657999999999
799.6529
799.6953
799.7273
799.7374
799.9061
799.9159999999999
799.9448
799.9627
800.0864
800.0968
800.1275000000001
800.1405
800.2686
800.2866
800.3015
800.3371
800.4533
801.3215
801.4637
801.4769
801.495
801.5069
801.5199
801.5348
801.5601
801.5844999999999
801.7456999999999
801.7567
801.7721
802.2284
802.241
802.4381
803.0681
803.0803
803.1055
803.117
803.1308
803.3265
803.3358000000001
803.3487
803.3887999999999
803.4071
803.419
803.8463
803.8577
803.8754
803.8896999999999
803.9037
803.9342
804.1357
804.149
804.1683
804.311
804.9632
804.9875
805.0128
805.0589
805.1757
805.1906
805.5453
805.8429
805.873
805.9364
805.9472000000001
806.0367
806.2606000000001
806.4113
811.1197999999999
811.2472
811.2948
811.3117
811.3457
811.3909
811.778
811.8025
812.0043000000001
812.0279
812.0694
812.0945
812.1194
812.1369999999999
812.2483999999999
812.2625
812.3732
812.3842
812.8618
812.8904
813.9644000000001
814.3687
814.3878
815.0973
815.1235
815.1734
816.682
816.7034
816.8232
816.8530000000001
816.87
816.9611
817.2123
817.2727
817.4629
817.9125
817.9263
817.9376
817.9562
817.9961000000001
818.0077
818.0567
818.0681999999999
818.4858
818.5
818.5159
818.7134
818.7262000000001
818.746
818.7672
818.9136
818.9793
818.9918
819.1058
819.1173
819.3532
819.3864
820.3552
820.379
820.4054
820.4245
820.6262
820.6594
820.7014
820.7289000000001
820.8267
820.8340000000001
820.8425
820.9732
820.9865
821.1197999999999
821.13
821.4353
821.5687
821.5795000000001
821.8924
821.9075
821.9901
822.0069
822.1828
822.2207
822.284
822.7069
823.2401
824.4609
827.6079999999999
830.3126
830.3438
830.3637
830.4044
830.6382
831.2519
831.2794
831.3026
831.6603
831.6755000000001
831.6962
831.7166
831.7415
831.8353999999999
831.9061
833.6878
833.7142
833.7619
833.7909
833.8147
836.1689
838.2769000000001
839.0376
840.2334
843.3848
843.3966
843.7235000000001
844.4732
846.1255
846.1826
846.8815
846.8928
846.9112
847.2155
847.2492999999999
847.4493
847.4671
847.4972
847.5192
848.1564
848.5732
848.6004
848.6341
848.6559999999999
848.6775
848.9998000000001
849.014
849.0607
849.0775
849.1001
849.1261
849.1428
849.1661
849.2293999999999
849.9585999999999
850.019
853.2556999999999
853.2688000000001
853.2826
853.2934
853.3212
853.759
853.7936
853.8307
853.8487
853.8657000000001
853.922
854.1888
854.2061
854.4534
854.4811999999999
854.7849
854.7957
854.8135
854.8326999999999
854.8459
854.8605
854.8828
855.1732
855.2203
855.2688000000001
855.5241
855.5895
856.3423
856.367
856.3876
857.0706
857.5116
857.9437
858.2900999999999
858.3199999999999
860.1328
861.4819
862.0299
862.0837
863.1653
863.1863000000001
863.2115
863.2330999999999
863.5439
863.5591999999999
863.585
863.6033
863.688
863.7378
863.749
863.7638999999999
865.7819
865.8000999999999
865.8172
865.8811000000001
865.9255000000001
865.9449
865.9657999999999
865.9811999999999
865.9881
866.6085
866.646
866.6909000000001
867.2094
867.2274
867.2505
867.2707
867.2823000000001
867.3153
867.3848
868.1446000000001
869.9048
870.3063999999999
870.3571999999999
870.3926
871.0889
872.3923
872.4191000000001
872.4403
873.4511
874.0305000000001
874.7595
874.7845
876.7746
876.7935
876.9302
877.2567
877.2671
877.2836
877.3476000000001
877.3647000000001
877.4096999999999
877.4451
877.5609999999999
877.8742
877.8859
877.9138
877.9482
878.1033
878.1295
878.3449000000001
878.3696
878.5702
878.5801
878.7140999999999
878.74
879.2323
879.2554
879.6977999999999
879.7108000000001
880.817
880.8763
880.9217
880.9853000000001
881.0336
881.2438
881.2725
881.3116
881.3778
881.4024999999999
881.7469
882.0785000000001
882.1032
884.2991999999999
884.3879999999999
884.4186
884.6631
884.7009
884.9777
885.008
885.2572
885.2787000000001
885.3104000000001
885.3631
885.6396999999999
885.8497
886.3331000000001
888.4345000000001
888.4573
888.5101999999999
888.5134
888.5485
888.8539000000001
888.8878999999999
888.9227000000001
888.9495999999999
890.7918999999999
890.8082999999999
890.8589999999999
894.4966999999999
894.9866
895.4993999999999
896.1839
896.2309
898.3629000000001
898.3987999999999
898.8587
898.8824999999999
898.9117
898.9252
899.0337999999999
899.0901
899.4689000000001
899.4839999999999
899.5082
900.0606
901.4452
901.4643
901.5057
903.3862
903.9019
903.9397
903.9974
904.0922
904.1495
904.2851000000001
904.8233
905.9002
905.9949
906.7035
906.718
906.7646
906.7912
906.8669
906.8920000000001
906.9588
907.1958
907.2096
907.2353000000001
907.2529
907.4075
907.4227
907.4476
907.7685
907.9948000000001
908.7505
908.8279
909.2793
909.4182
909.4309
909.4820999999999
909.8107
910.1059
910.1162
910.6956
910.7175
910.8046000000001
910.8283
910.8449000000001
910.8642
910.8821
910.9023
910.9222
911.2439000000001
911.2588
911.273
911.2925
911.5268
911.5368
911.5451
911.5538
911.5629
911.5769
911.7037
912.0183
912.2236
912.4049
912.4271
912.6026000000001
912.6151
912.6295
912.8253
912.8348999999999
913.1587
913.8273
913.8377
914.4303
914.4555
914.6763999999999
914.7196
914.7506
914.8208
914.9135
915.1153
915.129
915.2047
915.2156
915.2409
915.3397
915.3708
915.3825000000001
915.3929000000001
915.4648
915.476
915.5688
915.6349
915.6459
915.9919
916.544
916.5913
916.6631
916.7143
916.7255
916.8193
916.8312
916.9715
917.6518
917.6636
917.678
917.7058
917.7331
917.7442
917.9184
917.9272
917.9776000000001
917.9918
918.008
918.0457
918.3077
918.3208
918.7231
918.7372
918.8242
918.9596
919.1272
919.2389000000001
919.3635
919.8389
920.1019
920.1319999999999
920.7910000000001
921.0983
921.1098
921.2128
921.2233
921.2839
924.303
924.3762
924.3987
924.444
924.4728
924.5688
924.5876
925.2159
925.4726000000001
925.5043000000001
925.5407
925.8077
929.1609
929.3554
929.3788
929.4088
929.6976
930.4698
931.8672
932.5971
932.6156
932.6912
932.8296
932.8627
932.9195
934.2205
934.2414
934.4288
934.475
934.5275
934.6816
934.8731
934.8847
935.4007
935.8787
935.8917
935.9867
935.9965
936.3816
936.3961
936.4428
936.487
936.5054
936.5326
936.7423
936.8656
937.0884
937.3037
937.4637
937.7196
937.7295
937.7501
938.6367
938.7014
939.1356
939.149
939.1653
939.2001
939.2177
939.244
939.6295
939.6414
939.6598
939.702
939.7214
939.7437
939.9441
940.2336
940.2428
940.2627
940.2909
940.3061
940.3558
940.6165
940.8557
940.9498
940.9606
941.1644
941.2086
941.5127
941.5237
941.5354
941.5566
941.5786000000001
943.1554
943.1888
943.9259
943.9503
944.6726
944.6849
944.7042
944.7381
944.7515
944.8533
945.0346
945.3937
945.4064
945.5009
945.511
945.5321
945.548
945.5775
945.5925999999999
945.9159
945.936
945.9885
946.2091
946.5893
946.599
946.6635
946.7086
947.2753
947.3046000000001
947.5128
947.5234
947.5392000000001
947.5521
947.8593
947.8971
947.9387
947.975
948.3307
948.8945
948.9094
948.9339
949.2295
949.2435
949.2645
949.2961
949.7683
949.8395
949.8722
949.8878999999999
949.9163
949.9338
949.9519
950.92
950.96
951.5925
951.6094000000001
951.6358
951.6831999999999
952.1746000000001
952.196
953.6664
954.3229
954.3338
954.3789
954.5208
956.7226000000001
956.7507000000001
956.7839
956.798
956.8197
956.843
956.903
957.674
957.6905
957.7109
957.7275
957.7596
957.8746
960.7194
961.0934
961.2083
961.2985
963.4383
963.4554000000001
964.3993
964.4261
966.4139
966.8627
966.8766000000001
966.9641
967.5998
967.6336
967.6867
967.9992999999999
968.0334
968.0617999999999
968.5655
968.5842
968.6237
968.643
968.6632
969.7517
970.9648
973.0928
973.4054
973.4388
974.6342
975.4765
975.6645
975.6894
975.7408
976.205
976.2183
976.6804
976.6985999999999
976.7236
976.7481
976.7789
976.855
976.8941
977.256
977.3901
977.4063
977.442
978.456
978.4693
978.4862000000001
978.5025000000001
980.0271
980.2278
980.2570000000001
981.0661
981.3124
981.4306
981.6576
982.4399
982.7858
982.8225
982.8404
983.0432
983.0517
983.5467
983.5721
983.5893
983.6079999999999
983.6371
983.8373
983.9722
983.9841
984.1527
984.6451
984.6766
985.1341
985.774
985.9226
985.9401
985.9996
986.0114
986.7696
986.8151
986.8513
987.0155999999999
987.0276
987.0958000000001
988.3203
988.3923
988.5708
988.7402
988.7693
988.7933
989.378
989.3947000000001
989.4143
989.4512999999999
989.9061
990.4606
990.5167
990.7412
991.3555
991.3877
992.138
992.163
992.1972
992.9541
992.9893
993.0775
993.1369999999999
998.3513
999.0203
999.0541000000001
999.4854
999.5116
999.5452
1001.2608
1001.389
1001.4147
1001.8047
1001.8154
1002.2847
1002.5987
1002.6364
1002.6615
1002.6752
1002.9468
1002.9573
1002.9899
1004.0746
1004.1062
1004.7184
1004.8669
1005.7669
1005.7948
1005.9301
1006.0108
1006.6129
1006.6491
1006.7641
1006.9619
1006.9744
1007.0387
1007.0912
1007.1063
1007.6455
1007.7962
1010.2668
1011.7107
1013.4641
1014.2486
1014.3072
1014.3439
1014.3877
1014.3981
1014.4103
1015.1662
1015.6335
1016.1667
1016.3564
1016.7566
1016.7784
1016.7961
1016.8293
1016.8504
1017.6242
1017.6952
1017.7083
1017.8661
1017.8738
1017.8855
1018.1494
1018.2376
1018.8669
1018.894
1019.0055
1020.0654
1020.0842
1020.1103
1020.3154
1020.4927
1020.6017
1020.7425
1021.0951
1021.1239
1021.4026
1022.041
1022.101
1022.4861
1022.5056
1022.5845
1022.6322
1022.6777
1023.1586
1023.4269
1023.6165
1023.6284
1023.679
1023.6911
1024.3422
1024.3561
1024.376
1024.4014
1024.4294
1024.4601
1024.5068
1024.7169
1024.8006
1024.8444
1024.8659
1024.9446
1025.245
1025.5114
1026.5869
1027.5187
1027.5938
1027.6042
1028.3939
1028.9422
1028.9516
1028.9656
1029.9569
1029.9758
1030.0038
1030.0232
1030.7078
1030.7675
1030.7782
1030.7971
1030.8265
1030.9862
1030.999
1031.8442
1031.8571
1031.8746
1031.9039
1031.931
1032.5724
1032.6491
1033.1742
1033.1944
1033.2639
1033.3069
1033.9887
1034.5621
1034.5788
1034.6048
1034.7137
1034.7274
1035.851
1035.8702
1035.9062
1035.9283
1036.1768
1037.082
1039.2729
1041.7418
1044.9723
1045.0267
1045.8063
1045.8355
1045.9668
1045.9905
1046.1696
1046.1856
1046.5295
1046.6908
1048.6615
1048.6921
1049.2058
1049.2255
1050.7659
1050.838
1051.5453
1051.5874
1055.2371
1055.2857
1058.6865
1058.7094
1058.7411
1058.7658
1059.0694
1059.0791
1059.5492
1059.5673
1059.5864
1059.619
1059.8149
1060.0134
1060.029
1060.1871
1060.1987
1060.4124
1060.4242
1060.4392
1060.514
1060.6625
1060.7664
1060.7768
1060.7871
1060.8011
1060.9511
1060.9746
1061.0703
1061.5255
1061.9945
1062.0135
1062.118
1062.1313
1062.2587
1062.6171
1062.6339
1062.6524
1062.7133
1063.0092
1063.0281
1063.3021
1063.3132
1063.3412
1063.3582
1063.768
1063.7802
1063.7997
1063.8114
1063.8414
1064.3275
1064.6063
1064.6388
1064.7248
1064.7387
1065.7209
1065.7557
1065.9781
1066.2914
1066.3307
1066.4444
1066.4542
1066.9721
1067.0313
1067.4726
1067.8774
1067.8922
1067.9103
1067.9969
1068.0067
1068.0245
1068.035
1068.0649
1068.0801
1068.1176
1068.6341
1069.075
1069.296
1069.3422
1069.6821
1069.698
1069.7149
1069.77
1069.8
1070.3892
1070.399
1070.4182
1070.76
1070.7715
1070.7832
1070.8054
1070.8365
1070.8534
1070.9032
1071.2603
1071.5445
1071.5561
1071.5725
1071.5888
1071.6861
1071.7993
1071.8082
1071.8206
1071.8346
1071.8648
1071.8795
1072.0905
1072.1001
1072.1155
1072.1276
1072.1695
1072.2085
1072.3144
1072.5833
1072.9812
1072.9885
1072.9978
1073.0192
1073.0314
1073.0529
1073.0708
1073.0851
1073.6541
1073.6635
1074.8381
1074.8988
1075.8543
1075.8927
1075.9337
1075.9665
1076.1652
1076.187
1076.2183
1076.3181
1076.3419
1076.5359
1077.074
1077.1024
1077.134
1077.609
1077.633
1077.6537
1077.8963
1077.9111
1077.9389
1077.9806
1078.6432
1078.8034
1078.8334
1078.863
1079.1725
1079.5047
1079.7516
1079.7745
1079.8028
1080.2437
1080.3962
1080.5683
1080.5893
1080.8268
1080.9096
1080.9281
1082.8874
1083.2261
1083.2561
1084.0091
1084.0497
1084.4631
1085.0394
1085.6114
1085.7203
1085.7413
1085.7666
1085.7957
1085.8125
1085.8416
1085.8801
1085.9243
1086.3287
1086.3401
1086.3831
1086.5609
1086.5751
1086.5988
1086.6118
1086.6503
1087.4293
1087.4508
1087.4636
1087.4816
1087.5013
1087.5145
1087.5358
1087.8031
1087.8233
1087.8478
1087.8908
1088.2736
1088.3163
1088.3456
1089.2167
1089.6696
1089.6846
1089.7999
1089.8114
1089.8373
1089.8484
1089.863
1089.8826
1089.9018
1090.2152
1090.286
1090.446
1090.4597
1090.4819
1090.5219
1090.5336
1091.571
1091.5834
1091.5956
1091.6152
1091.6346
1091.6603
1091.885
1092.0858
1092.0982
1092.1091
1092.1331
1092.2048
1092.216
1092.2489
1092.2595
1092.3393
1092.4233
1092.4333
1092.4439
1092.4598
1092.473
1092.6903
1092.9531
1092.9653
1092.9963
1093.2486
1093.2738
1093.2854
1093.5006
1093.5237
1093.5348
1093.5476
1093.5596
1093.5907
1093.6167
1094.4649
1094.8676
1094.8782
1094.8974
1095.2217
1096.0114
1096.0268
1096.0494
1096.101
1096.1262
1096.1655
1096.1972
1096.2441
1096.2614
1096.3268
1096.8993
1096.9562
1097.0061
1097.65
1098.6047
1098.6609
1098.7009
1098.7232
1098.7449
1098.7665
1099.7974
1099.8119
1101.0277
1101.0482
1101.4175
1101.8679
1101.8979
1101.9909
1102.2822
1102.4369
1102.4385
1102.4715
1102.5112
1102.5274
1102.597
1102.6357
1102.9943
1103.0203
1103.0386
1103.1482
1103.1772
1103.9417
1104.1119
1104.1273
1105.2619
1106.521
1106.5505
1106.6042
1106.9525
1106.9926
1107.0113
1107.3508
1107.3705
1107.5544
1107.5729
1107.5959
1107.6518
1107.8282
1107.8717
1107.9157
1108.3963
1108.408
1108.4362
1108.5013
1108.5126
1108.5642
1108.5784
1108.6144
1108.8064
1108.8266
1109.637
1109.9509
1110.0314
1110.0423
1110.0836
1110.0965
1110.4529
1110.9353
1111.3193
1111.328
1111.3593
1111.3873
1112.436
1113.3985
1113.6476
1114.1824
1114.1962
1114.2089
1114.4745
1115.0124
1115.3507
1115.438
1115.4532
1115.6616
1115.7481
1115.9817
1116.172
1116.8066
1116.8272
1117.2052
1121.0368
1123.8923
1125.9485
1125.9642
1125.9823
1126.273
1126.6416
1126.9119
1126.9443
1127.0357
1128.0395
1129.8246
1130.9425
1131.2956
1131.3161
1131.3397
1131.3858
1134.4214
1134.5079
1135.1629
1135.1813
1136.3982
1136.4221
1136.4937
1141.173
1141.1778
1141.1867
1141.2052
1141.3087
1141.3766
1141.4155
1141.4406
1142.0613
1142.0757
1142.7673
1142.7859
1146.0945
1146.1198
1147.9728
1148.5384
1148.5954
1149.0304
1149.1047
1151.3875
1151.4927
1154.0061
1155.9223
1156.9996
1157.155
1157.2194
1157.3616
1157.3826
1157.4304
1157.4504
1157.4671
1157.7484
1158.1739
1158.2054
1158.4082
1158.4222
1159.1922
1159.2207
1159.2446
1159.274
1159.516
1159.5487
1159.5669
1159.5961
1159.6341
1159.8013
1159.8132
1159.8419
1159.8755
1159.9246
1160.0789
1160.1061
1160.1323
1160.1567
1160.4007
1160.4171
1160.4448
1160.5055
1160.5204
1160.5649
1160.894
1160.9017
1160.9132
1160.9228
1160.9412
1160.9548
1160.9658
1161.0556
1161.0658
1161.1209
1161.451
1161.475
1161.501
1161.9353
1161.9656
1162.0078
1162.2867
1162.3476
1162.4095
1162.4276
1162.4448
1162.5166
1162.7625
1162.7768
1162.8776
1162.8899
1162.9019
1162.9419
1163.1096
1163.2749
1163.2871
1163.7783
1163.7876
1163.7989
1163.8182
1164.1093
1164.1282
1164.1577
1164.1945
1164.2035
1164.4817
1164.4896
1164.4982
1164.5074
1164.5183
1164.5413
1164.5524
1164.5727
1164.5855
1164.6338
1164.8879
1164.9199
1165.1603
1165.4133
1165.4537
1165.4801
1165.4945
1165.5399
1165.5684
1165.6724
1165.6819
1165.6914
1165.7037
1165.717
1165.9426
1166.4392
1167.5597
1167.5968
1168.1781
1168.191
1168.2282
1168.241
1168.2644
1168.2775
1169.2118
1169.2232
1169.2404
1169.2665
1169.371
1169.3886
1169.4061
1169.4376
1169.4529
1169.4868
1169.5593
1169.6106
1169.6531
1169.6617
1169.7705
1169.7812
1169.8124
1169.8226
1169.8533
1170.0245
1170.0386
1170.0802
1170.1369
1170.1463
1170.414
1170.4374
1170.5097
1170.5328
1171.6597
1171.7538
1172.0176
1172.0399
1172.06
1172.0949
1172.4505
1172.4652
1172.9857
1173.0824
1173.2043
1173.2562
1173.2788
1173.4862
1173.6673
1173.6766
1173.6925
1173.7044
1173.7173
1174.3463
1174.7629
1174.7838
1175.0253
1175.0915
1175.163
1175.177
1175.5852
1175.6036
1175.6206
1175.8507
1175.9163
1176.173
1176.1851
1176.5298
1177.2289
1177.2444
1177.2714
1177.2875
1177.5348
1177.8309
1178.179
1178.2418
1178.2728
1179.0347
1179.103
1179.1274
1179.1446
1179.4151
1180.4373
1180.8933
1180.9161
1180.9992
1181.0415
1181.4818
1181.9071
1181.9247
1181.9666
1182.2005
1182.2277
1182.5894
1182.6136
1182.6757
1182.7875
1182.8017
1182.8311
1182.8517
1183.1967
1183.2156
1183.2298
1183.6656
1183.6796
1183.6979
1183.7407
1183.7541
1183.7878
1184.0353
1184.0486
1184.0625
1184.0801
1184.1339
1186.0268
1189.1196
1189.1417
1189.5566
1189.5878
1190.1962
1190.2386
1190.2556
1190.7654
1190.7833
1190.8009
1190.8191
1190.8503
1190.9649
1191.0184
1191.6308
1195.3733
1195.4184
1195.5436
1195.9704
1195.9811
1196.1629
1196.1748
1196.2314
1196.242
1196.2527
1196.423
1196.5923
1196.6726
1196.8302
1197.0738
1197.3254
1197.3582
1197.378
1197.7262
1197.7395
1197.7644
1197.8165
1198.8661
1200.7949
1200.8395
1201.4041
1201.4244
1202.2318
1202.2825
1202.7413
1203.4011
1203.4298
1203.7915
1203.9772
1204.0205
1204.0516
1205.2461
1205.5519
1205.7408
1205.7548
1205.7766
1206.1247
1206.1416
1206.1652
1206.3496
1206.9659
1206.9855
1207.1356
1207.1658
1207.2222
1207.2964
1207.3241
1207.3835
1207.5961
1207.6544
1208.8664
1209.4373
1209.4542
1209.5126
1209.5254
1209.5792
1210.6652
1210.691
1210.7164
1210.7493
1210.7795
1210.8107
1211.4785
1211.5874
1212.0124
1212.029
1212.0668
1212.1599
1212.5995
1212.7448
1214.8428
1214.988
1215.0096
1215.0478
1215.772
1216.4848
1216.7894
1216.8165
1217.3565
1217.5084
1217.525
1217.5776
1218.3628
1218.4668
1218.4814
1218.5074
1218.5345
1218.5687
1218.8193
1218.835
1218.901
1218.9203
1219.5864
1219.6136
1219.6447
1219.6929
1219.8765
1219.8963
1219.9147
1219.9424
1219.9648
1220.0805
1220.3286
1220.3483
1220.4602
1220.5284
1220.5842
1220.6014
1220.6237
1220.6569
1220.6794
1221.0208
1221.0332
1221.0594
1221.1173
1221.128
1221.3996
1221.4237
1222.1612
1222.1746
1222.1871
1222.2021
1222.5784
1222.7339
1222.744
1222.8053
1222.8138
1223.6856
1224.735
1224.7713
1224.7842
1224.8417
1224.8508
1225.3005
1226.5338
1229.34
1230.4374
1230.4609
1231.0851
1238.5071
1240.6602
1242.391
1242.4061
1242.4731
1243.7582
1243.7688
1243.815
1243.8346
1243.8637
1243.8765
1244.0145
1244.0357
1244.1038
1244.5716
1245.9112
1247.2183
1247.9817
1248.1143
1257.1521
1259.4209
1260.5771
1260.6216
1260.6424
1260.6764
1260.7229
1261.9671
1261.9978
1266.3037
1266.3345
1268.4197
1268.4623
1268.5757
1270.7115
1281.4215
1284.7532
1285.1587
1285.2554
1285.3484
1285.3638
1285.779
1286.2587
1286.4457
1286.4808
1286.5167
1286.6135
1288.0319
1288.0744
1288.13
1288.3029
1289.858
1290.6142
1291.5134
1294.2544
1294.2874
1295.0094
1295.036
1295.0563
1295.1505
1295.2608
1295.2792
1295.3049
1295.3525
1295.8822
1295.902
1295.9385
1295.9656
1296.2483
1296.2576
1296.2721
1296.2959
1296.305
1296.7876
1296.9857
1296.9983
1297.0205
1297.0471
1297.0726
1297.1016
1298.5483
1298.6342
1298.6853
1298.7484
1300.0599
1300.0898
1306.0808
1308.5235
1308.5702
1310.7656
1310.8242
1311.0051
1311.0471
1311.2042
1311.2249
1313.142
1313.4422
1313.4559
1314.2253
1314.4473
1318.0165
1318.0428
1318.5125
1318.5807
1322.7723
1325.6353
1325.6498
1325.7394
1328.3287
1328.359
1329.4289
1329.9928
1330.4971
1330.6378
1330.6489
1330.6644
1330.7269
1331.3009
1331.5027
1331.6687
1331.6816
1331.8084
1331.8164
1331.8267
1331.8418
1331.8718
1331.8937
1332.0556
1332.1213
1332.1411
1332.4161
1332.4848
1332.5142
1332.598
1333.053
1333.0671
1333.081
1333.113
1333.2395
1333.2977
1333.5273
1333.5477
1333.5849
1333.6536
1333.7546
1333.7653
1333.796
1333.8517
1333.865
1333.8953
1334.1352
1334.1507
1334.1767
1334.2956
1334.3051
1334.6471
1334.659
1334.6741
1334.737
1334.9128
1335.2717
1335.2809
1335.306
1335.353
1335.3664
1335.7072
1335.8012
1335.8215
1335.8525
1336.1417
1336.1896
1336.237
1336.2566
1336.287
1336.4884
1336.5095
1336.5615
1336.7406
1336.7582
1336.9915
1337.3439
1337.3595
1337.378
1337.9823
1338.0524
1338.5305
1338.563
1338.8332
1338.8629
1338.8833
1338.9076
1339.1854
1339.209
1339.2958
1339.8184
1339.8398
1339.8727
1339.9709
1340.1332
1340.1542
1340.1862
1340.2791
1340.4781
1340.4969
1340.5101
1340.7771
1340.8014
1340.8279
1341.0771
1341.4608
1342.2935
1342.3043
1343.0446
1343.1384
1343.6007
1343.6899
1343.7187
1343.7743
1343.9184
1343.9984
1344.0096
1344.0573
1344.349
1344.3805
1344.3922
1344.4617
1344.4905
1344.5311
1344.6659
1344.7013
1344.88
1344.8942
1344.905
1344.9302
1344.9515
1344.9677
1345.0221
1345.1005
1345.2421
1345.3997
1345.4277
1345.4502
1345.7708
1345.7895
1346.1116
1346.4311
1346.6456
1346.7094
1346.915
1346.9318
1346.963
1347.0038
1347.0246
1347.4435
1348.4644
1348.4893
1348.5141
1348.5541
1348.8235
1349.0049
1349.0309
1349.1642
1349.2781
1349.3184
1349.6366
1349.7608
1349.8908
1349.9318
1349.9755
1349.9971
1350.389
1350.407
1350.4895
1350.5726
1351.1613
1351.1764
1351.2014
1351.2474
1351.2614
1351.3277
1351.5643
1351.577
1351.623
1351.6427
1351.8196
1351.848
1352.8546
1353.3374
1353.7457
1353.7695
1353.8674
1353.9917
1354.012
1354.0339
1355.7043
1355.7266
1356.0339
1356.0435
1356.28
1356.3383
1356.3488
1356.6303
1356.6403
1356.6834
1356.8852
1356.9042
1356.9742
1356.9945
1357.0367
1357.1233
1357.3525
1357.4005
1357.416
1357.4502
1357.4615
1357.538
1357.7167
1357.7277
1357.7502
1357.9326
1358.2026
1358.2409
1358.2645
1358.424
1358.4515
1358.5854
1358.597
1358.6373
1358.6513
1358.8507
1359.2703
1359.2802
1359.306
1359.3219
1359.3888
1359.508
1359.5196
1359.5559
1360.6695
1360.6919
1360.7051
1360.7424
1360.8144
1360.8261
1360.8476
1363.9838
1364.5452
1364.5858
1367.4649
1367.4954
1367.5077
1367.5562
1367.5649
1367.6357
1367.6734
1367.6919
1367.8588
1367.8709
1367.8816
1367.9014
1368.471
1368.7164
1368.7443
1368.8754
1368.9149
1368.9412
1369.8076
1370.2481
1370.2686
1370.2922
1370.3206
1370.916
1370.9288
1370.9816
1371.0181
1371.5653
1371.5955
1372.2077
1372.2271
1372.2397
1372.6691
1372.6853
1372.7741
1373.6007
1373.632
1373.6753
1373.7362
1374.0861
1374.0972
1374.309
1374.5526
1374.5764
1374.6471
1374.8064
1374.8211
1374.8613
1374.8978
1375.0012
1375.2666
1375.6571
1375.7323
1375.7974
1375.8934
1376.1472
1376.1625
1376.7672
1376.917
1376.9377
1377.3409
1378.1771
1378.3005
1379.4607
1379.4994
1379.5594
1379.5875
1379.8166
1379.8342
1379.8716
1380.0747
1380.4289
1381.1341
1381.1462
1381.1632
1381.1767
1381.5039
1382.5882
1382.7144
1383.7823
1385.0113
1385.0339
1385.0589
1385.1046
1385.6134
1385.6579
1385.7361
1385.9082
1385.93
1385.956
1385.9837
1386.0121
1386.5103
1386.5514
1386.7211
1387.1008
1387.3671
1387.4072
1387.4226
1387.5133
1387.7937
1387.8628
1388.1634
1388.6081
1388.6202
1388.6415
1388.6618
1388.6765
1388.7073
1388.8941
1389.6052
1389.6484
1389.6855
1389.6999
1389.7174
1389.7418
1390.4557
1390.5927
1390.6403
1391.4169
1391.7385
1391.7688
1392.1887
1392.2096
1392.2894
1392.8187
1392.8373
1392.8523
1392.8648
1392.9124
1394.1344
1394.1512
1394.2374
1394.7225
1394.734
1394.7871
1394.8389
1395.1439
1395.1554
1395.1823
1395.2148
1395.2257
1395.2526
1395.3875
1395.3985
1395.4739
1395.4842
1395.4948
1395.718
1395.7821
1395.9292
1395.9655
1395.9779
1396.0281
1396.0422
1396.0835
1396.5054
1396.5292
1396.6638
1397.1012
1397.1181
1397.6331
1397.6901
1397.7049
1398.0034
1398.0279
1398.0477
1398.0637
1398.1961
1398.2054
1398.2546
1398.7884
1398.8409
1399.7097
1399.752
1400.4447
1400.6169
1401.1835
1402.8241
1402.9875
1403.0469
1403.0571
1403.3654
1403.5278
1403.5529
1403.5659
1403.7531
1403.7675
1404.9236
1404.9405
1404.9622
1404.9767
1405.0063
1405.0635
1405.4812
1405.5116
1405.5365
1405.8904
1405.9274
1405.9527
1406.2972
1406.3204
1407.281
1407.6039
1409.2421
1409.2541
1409.265
1409.2806
1409.3202
1409.3694
1409.394
1409.4011
1409.4098
1409.4282
1409.4541
1409.465
1409.7612
1409.7741
1409.7966
1410.0703
1410.4587
1410.4691
1410.9112
1410.9464
1411.8472
1412.0155
1412.8608
1413.674
1413.7639
1413.7774
1413.9496
1414.5118
1414.6669
1415.1312
1415.2099
1416.6286
1416.7318
1416.9632
1417.0057
1417.207
1417.5243
1417.5344
1417.5854
1417.6045
1417.8359
1417.867
1417.8838
1417.9227
1418.1982
1419.0243
1419.2339
1419.2569
1419.8977
1420.1452
1420.1572
1420.1845
1420.4924
1420.5623
1420.6958
1420.709
1420.7555
1420.7752
1420.8186
1421.3199
1421.8449
1421.9221
1421.9429
1422.0045
1422.3918
1422.4866
1422.5765
1422.619
1422.6754
1422.8625
1422.884
1423.299
1423.8273
1424.9867
1425.0179
1425.3189
1425.3463
1425.3719
1425.7281
1425.75
1425.7878
1425.968
1425.9828
1426.0142
1426.5147
1426.5291
1426.543
1426.5782
1426.5983
1426.6361
1426.6478
1426.7112
1426.761
1426.7985
1427.2038
1427.2181
1427.6336
1427.6531
1427.6687
1427.8787
1427.891
1427.9145
1427.9448
1428.3273
1428.3369
1428.9087
1428.935
1428.9748
1429.0911
1429.1023
1429.1208
1429.1294
1430.3417
1430.3542
1430.3903
1430.4168
1430.4484
1430.483
1430.6376
1430.6476
1430.6842
1430.7851
1432.277
1432.2935
1432.3037
1432.366
1432.377
1432.3925
1432.5039
1432.5437
1432.5937
1432.6252
1432.693
1433.8281
1433.85
1434.5958
1435.2295
1435.248
1435.2766
1435.3084
1435.6937
1436.0925
1436.2482
1436.2987
1436.5101
1436.5222
1436.5546
1436.5702
1436.5963
1436.6064
1436.6324
1437.1048
1437.8432
1437.8548
1437.8855
1437.9129
1437.9429
1437.9533
1438.0954
1438.1454
1438.1555
1438.3245
1438.3362
1438.3684
1438.3947
1438.5044
1438.9976
1439.0554
1439.5246
1439.8819
1439.9762
1441.2802
1441.5415
1441.5624
1442.0014
1442.0316
1442.0597
1442.6282
1442.6551
1442.9177
1442.9287
1442.9462
1442.9994
1443.6319
1443.6508
1443.6702
1444.0469
1444.0708
1444.3784
1444.4065
1444.4822
1444.9033
1447.226
1447.2543
1447.4759
1447.6529
1448.4067
1448.7513
1448.7703
1449.3409
1449.8191
1450.3182
1450.3314
1450.3524
1450.3781
1450.4111
1450.4318
1450.739
1450.7645
1450.8005
1450.8193
1450.8461
1450.9034
1450.9911
1451.0221
1451.0525
1451.2331
1451.2522
1451.604
1451.6301
1451.7244
1451.7687
1451.8007
1452.1654
1452.2031
1452.2919
1452.3321
1452.4004
1452.4492
1452.6631
1452.6728
1452.6836
1453.0459
1453.0627
1453.0992
1454.06
1454.0728
1454.1465
1454.1845
1454.3369
1454.3561
1454.8697
1454.8957
1455.0829
1455.0967
1455.12
1455.1463
1455.1614
1456.0826
1456.1014
1456.1159
1456.1616
1456.1947
1456.2213
1456.3498
1456.3753
1456.4031
1457.0448
1457.0635
1457.1346
1457.1549
1457.1945
1457.227
1457.249
1457.8348
1458.8611
1458.896
1458.9856
1458.9971
1459.0084
1459.0969
1459.1047
1459.1287
1459.1372
1459.1513
1459.2501
1459.3472
1459.3574
1459.9047
1459.9372
1459.969
1460.2684
1461.8536
1462.0795
1462.3138
1462.3262
1463.2623
1463.4823
1463.4861
1463.5004
1463.5149
1465.1033
1465.4409
1465.4522
1466.1564
1466.1758
1466.2833
1466.298
1467.8133
1467.8357
1467.9087
1467.9268
1467.949
1467.982
1468.2372
1468.4715
1468.5058
1468.5712
1468.6796
1469.2487
1469.2704
1472.2047
1472.8834
1472.8973
1472.9283
1473.2868
1473.3024
1473.4152
1473.5906
1473.6443
1473.6547
1473.6938
1473.7089
1473.9452
1473.9582
1473.9861
1474.0116
1474.0293
1474.0523
1474.0662
1474.0982
1474.5183
1475.036
1475.048
1475.6048
1475.6643
1475.702
1475.724
1475.8688
1475.8817
1476.3538
1476.3696
1476.4852
1476.5325
1476.5456
1476.5707
1476.8341
1477.1353
1477.311
1477.3235
1477.3712
1477.6008
1477.6786
1477.6953
1478.7095
1478.7489
1478.8012
1479.5758
1480.3764
1480.3973
1480.4442
1481.1327
1481.1595
1481.1935
1481.8043
1482.1801
1482.4756
1482.5614
1482.6415
1482.6541
1483.0417
1483.0532
1483.1179
1483.1767
1484.449
1484.7459
1485.042
1485.0556
1485.0664
1485.1199
1485.1464
1485.1596
1485.6578
1485.8158
1486.0359
1486.2609
1486.2875
1486.4007
1486.4185
1486.5973
1486.606
1486.6193
1486.8099
1486.8197
1488.2832
1488.4139
1488.5017
1489.1094
1489.7367
1489.7595
1491.3102
1491.3349
1491.3823
1491.8133
1491.8431
1491.932
1491.9902
1492.0091
1492.0135
1492.0742
1492.6039
1492.643
1492.8708
1492.8957
1492.9385
1492.9669
1493.6116
1493.6397
1493.7292
1495.6117
1496.2417
1497.3509
1497.3668
1497.3857
1497.8662
1497.8804
1497.9837
1497.9923
1498.0505
1498.0648
1498.13
1498.1432
1499.0404
1499.5057
1499.5408
1499.7426
1499.7527
1499.7638
1499.7778
1499.8115
1499.8391
1499.849
1499.9763
1499.991
1500.2984
1500.3198
1500.3986
1501.8107
1501.8386
1502.141
1502.1598
1502.7327
1502.7424
1502.7581
1502.7803
1503.222
1503.7037
1506.3324
1506.352
1506.3872
1506.4655
1506.4755
1506.491
1506.52
1506.7482
1506.7647
1507.1676
1507.1785
1507.7347
1507.7881
1508.294
1508.315
1508.3739
1508.3859
1508.4266
1508.79
1508.8046
1508.8666
1508.9212
1508.9366
1509.0618
1509.071
1509.0921
1509.4863
1509.5073
1509.5387
1509.562
1509.8518
1509.8791
1509.9023
1509.9235
1510.3023
1510.7307
1510.755
1511.1561
1511.171
1511.1933
1511.5386
1511.5502
1511.5803
1512.4361
1512.8289
1512.9095
1512.9312
1513.9311
1513.9563
1514.2641
1516.115
1516.132
1516.2202
1516.2308
1516.2565
1516.332
1516.7905
1517.8953
1517.9369
1518.5969
1518.804
1518.8211
1518.9815
1518.9837
1518.9948
1519.0052
1519.0449
1519.6522
1520.3165
1520.3358
1521.2118
1521.4497
1521.4743
1523.3469
1523.3912
1523.4343
1523.4491
1523.4948
1523.6917
1523.7305
1525.0769
1525.2671
1525.2847
1525.4064
1525.436
1525.9135
1527.1238
1527.6818
1527.9318
1527.9422
1527.9737
1528.6595
1528.6748
1528.772
1528.8538
1530.7528
1530.8409
1531.497
1531.51
1531.5304
1531.6059
1531.9462
1532.0925
1532.1353
1532.423
1532.4733
1532.6518
1532.9619
1532.9817
1533.2568
1533.6137
1533.6572
1533.6794
1535.0561
1535.3337
1535.5352
1535.5819
1535.6018
1535.7004
1535.9431
1536.0495
1536.1796
1536.2108
1536.3587
1536.4147
1536.4289
1536.454
1536.478
1536.4898
1536.5127
1536.7177
1536.787
1536.8043
1536.8895
1536.9028
1537.3808
1537.4196
1538.7123
1539.0548
1539.2628
1539.2854
1539.3084
1539.5375
1541.3255
1541.3554
1541.3668
1541.6886
1541.7065
1542.3506
1542.3963
1542.416
1542.4172
1542.4401
1542.4918
1542.512
1542.6554
1542.6703
1542.7166
1542.767
1542.7819
1542.9154
1543.2032
1543.2193
1543.2454
1543.305
1543.3216
1543.4032
1543.7855
1543.8739
1544.8489
1544.8668
1544.9168
1545.1494
1545.241
1545.2574
1545.2814
1545.3119
1545.5878
1545.6172
1546.8362
1546.8798
1546.9187
1547.2034
1547.2169
1547.2303
1547.2654
1547.2861
1547.4934
1547.5369
1547.5551
1547.8205
1547.9073
1548.0354
1548.0463
1548.0629
1548.244
1549.0266
1551.1323
1551.1611
1551.4628
1551.8484
1552.0989
1552.1204
1554.5438
1555.7494
1556.0821
1556.1212
1556.5383
1556.5514
1556.5743
1556.6014
1556.614
1556.8514
1556.8697
1557.3151
1557.3477
1558.2809
1558.3206
1559.3117
1559.3335
1560.005
1560.4065
1561.0155
1561.0282
1561.1376
1562.8815
1563.1296
1563.166
1563.5575
1564.2184
1564.9587
1564.9732
1565.0074
1565.1966
1565.2396
1566.8435
1567.0596
1567.0893
1567.17
1567.5268
1567.5483
1567.601
1567.6618
1567.6741
1567.6912
1567.8725
1568.2357
1568.3199
1568.3398
1568.3734
1568.6541
1568.6829
1568.6959
1570.3717
1570.3831
1570.4381
1570.8032
1570.8362
1570.8494
1570.8682
1570.881
1571.031
1571.146
1571.5591
1571.7975
1571.8137
1571.8363
1571.8766
1572.0893
1572.6694
1572.6887
1572.8887
1572.9481
1573.2753
1573.2902
1574.3454
1574.3593
1574.9882
1575.1116
1575.1456
1575.1636
1575.4235
1575.454
1575.8337
1575.8491
1575.8684
1575.884
1578.3401
1578.3745
1580.0582
1583.0085
1583.9976
1584.0668
1584.1161
1584.1892
1584.6538
1584.673
1584.7273
1584.7528
1584.989
1585.0493
1585.1099
1585.5427
1585.5523
1585.5696
1585.5851
1586.6632
1586.7164
1586.9771
1587.2781
1587.3026
1587.3232
1587.4042
1587.4327
1587.8212
1587.9254
1587.9448
1588.2649
1588.2751
1588.2885
1588.3069
1588.4792
1590.2014
1590.2128
1591.1866
1591.2345
1591.2517
1591.3061
1591.5691
1592.6977
1592.7371
1594.7841
1594.8191
1595.2679
1595.2766
1595.5205
1595.5316
1595.5603
1595.6542
1596.1032
1596.1135
1596.1247
1596.5233
1596.935
1598.0779
1604.1953
1604.9471
1604.9755
1604.9939
1607.1608
1607.2004
1607.2587
1608.0868
1608.1197
1608.326
1608.3401
1608.3872
1610.4954
1612.1102
1612.3441
1612.4708
1612.4875
1612.5128
1612.6097
1612.6652
1612.6969
1612.7264
1613.4738
1613.4997
1614.4292
1614.533
1615.0301
1615.811
1616.6538
1616.684
1617.6246
1617.6392
1617.6864
1617.7222
1617.8145
1618.837
1618.8612
1618.8879
1618.915
1618.9462
1619.1579
1619.1706
1619.1949
1619.2117
1619.2367
1619.3627
1619.3774
1619.3919
1619.4081
1619.4314
1619.4445
1619.9122
1619.9517
1619.9744
1620.5869
1620.5987
1620.6632
1620.6995
1620.7511
1620.7861
1620.7966
1620.8105
1620.8304
1621.9199
1622.9919
1623.4343
1623.4495
1623.463
1625.2097
1626.3981
1626.432
1626.5131
1626.5895
1626.6669
1628.2296
1628.4443
1628.512
1629.0385
1629.0534
1629.2771
1629.3128
1630.0471
1630.0682
1630.2704
1631.3152
1631.3494
1631.6055
1631.6252
1631.7136
1631.7406
1631.7944
1632.0015
1632.0263
1632.0672
1632.3613
1632.4107
1632.4377
1633.2669
1633.2817
1633.6609
1633.7095
1633.7379
1633.7554
1633.8297
1634.0705
1634.0891
1634.1221
1634.2824
1634.3016
1634.3724
1634.6907
1634.9157
1634.9326
1634.951
1635.3657
1635.8646
1636.054
1636.078
1637.8302
1638.1735
1638.193
1638.4228
1638.5028
1638.518
1638.5682
1638.6468
1639.5632
1639.5768
1640.3839
1640.475
1640.4904
1640.6781
1640.81
1640.8365
1641.0937
1642.0335
1642.0487
1643.1559
1643.2129
1643.356
1643.7963
1644.5372
1644.5587
1644.7118
1644.7787
1645.0916
1645.1137
1645.1554
1645.709
1645.8368
1645.8661
1645.9201
1647.9197
1647.9668
1647.9838
1648.3544
1648.3733
1648.8007
1648.847
1649.876
1649.9081
1649.9198
1650.4336
1650.5409
1650.563
1655.1318
1655.1753
1655.2105
1655.2408
1655.4982
1655.512
1655.5602
1655.8095
1655.8214
1655.8393
1656.0467
1656.1597
1657.3933
1657.4256
1657.444
1657.4681
1657.9314
1658.1946
1658.214
1658.2319
1658.3795
1658.405
1658.6479
1659.1933
1659.2388
1659.2796
1660.0279
1660.3599
1660.3761
1660.6038
1660.6156
1660.6477
1660.9096
1660.9529
1660.9695
1661.7699
1662.0885
1662.1064
1662.2278
1662.6802
1662.6875
1662.7052
1664.0264
1664.0453
1664.1271
1664.6672
1665.1047
1665.1304
1665.9402
1665.9863
1666.2027
1666.2394
1666.3868
1666.4175
1666.447
1669.8125
1669.8692
1669.9035
1671.7568
1671.7738
1671.7961
1671.8157
1671.9562
1672.2889
1672.9333
1672.9562
1672.9854
1673.0646
1673.0761
1673.0876
1673.101
1673.1357
1673.3732
1673.4504
1674.2139
1674.2382
1674.4708
1674.8987
1674.934
1674.9509
1675.0035
1675.1618
1675.1714
1675.1852
1675.1964
1675.2198
1675.3889
1675.4205
1675.4372
1675.5447
1675.6578
1675.6748
1675.8479
1675.8571
1675.8692
1675.8864
1675.9343
1675.9449
1675.9626
1676.8284
1676.8385
1676.848
1676.857
1676.9445
1680.7346
1680.7756
1683.299
1683.3746
1683.5149
1683.9981
1684.0188
1684.5927
1684.8369
1685.178
1686.8582
1686.8799
1686.9033
1686.9297
1686.9729
1687.3462
1687.3591
1687.3895
1687.4329
1687.7719
1687.7835
1687.7967
1689.2086
1689.5305
1689.7912
1689.8045
1689.8365
1690.19
1690.201
1690.2419
1690.2588
1690.3351
1690.3601
1690.6597
1690.7963
1690.8292
1690.8474
1690.876
1690.8932
1691.1018
1691.1116
1691.1266
1691.197
1691.2426
1691.2536
1691.2734
1691.3048
1691.3379
1691.3944
1691.5594
1691.8767
1692.0224
1692.0302
1692.0413
1692.4732
1692.9276
1692.956
1692.9684
1692.9799
1693.0105
1693.2794
1693.2884
1693.4274
1693.437
1693.4481
1693.7615
1694.041
1694.0517
1694.0637
1694.0903
1694.3533
1694.365
1694.6136
1694.7729
1694.8765
1694.8963
1694.9172
1695.0286
1695.2845
1695.3623
1696.8623
1696.8737
1697.4602
1697.4804
1697.4944
1697.5248
1697.8753
1697.9039
1697.9433
1698.1547
1698.9222
1698.9495
1699.5479
1699.5842
1699.9315
1699.9451
1700.952
1700.9835
1701.0103
1702.3505
1702.3682
1702.3835
1702.4122
1702.6557
1702.8739
1703.1474
1703.3267
1703.3535
1703.6963
1704.3437
1704.3622
1704.5146
1704.5247
1705.0306
1705.0519
1706.729
1707.0337
1707.0435
1707.1962
1707.4794
1707.4922
1707.5122
1709.6007
1710.5765
1710.6006
1710.6305
1711.2194
1711.2328
1711.2814
1711.3232
1711.3485
1711.9759
1711.9914
1712.0035
1712.0463
1712.4142
1712.6597
1712.6872
1712.7305
1712.7477
1712.7559
1712.7833
1712.7956
1713.0276
1713.3322
1714.112
1714.1211
1714.1387
1714.1649
1714.1868
1714.226
1714.2399
1714.2613
1714.2945
1714.3152
1714.33
1714.5738
1714.6029
1715.0076
1715.1361
1715.1924
1717.211
1717.2248
1717.2649
1717.2915
1717.3124
1717.3834
1717.4606
1717.6652
1717.8073
1718.0719
1718.1121
1718.1538
1718.8211
1718.8384
1718.8864
1718.9269
1719.1147
1719.1266
1719.4135
1719.4576
1719.4772
1719.6871
1719.7425
1720.0292
1720.0409
1720.3322
1720.37
1720.4165
1720.5525
1720.6595
1720.6828
1720.7437
1720.784
1721.1867
1721.2334
1721.458
1721.8532
1723.7614
1723.7719
1723.803
1723.8261
1723.8911
1723.8994
1724.0391
1724.5819
1724.593
1725.3782
1725.3914
1725.418
1725.7983
1725.8248
1725.8365
1725.8734
1725.8878
1725.905
1726.5396
1726.551
1726.6044
1726.6736
1727.7017
1727.8832
1727.9229
1728.1146
1728.1371
1728.1652
1728.1778
1728.2069
1728.2371
1728.6156
1728.6301
1729.8923
1729.9374
1731.4194
1733.2104
1733.2225
1733.6513
1733.6764
1733.6963
1733.7281
1734.1148
1734.13
1734.4609
1734.5148
1734.5886
1734.6116
1735.436
1737.664
1737.9423
1738.1263
1738.1577
1738.5905
1738.6412
1738.9818
1739.001
1739.0134
1739.2595
1739.3077
1740.9278
1740.9594
1740.9933
1741.4532
1741.4705
1742.3431
1742.3569
1742.3717
1742.3875
1742.4623
1742.5054
1742.5581
1743.2485
1743.276
1743.2994
1743.3817
1743.4044
1743.4916
1743.8647
1744.2371
1744.2473
1744.6568
1745.0288
1745.0687
1745.2899
1746.2539
1746.3111
1746.3301
1746.4153
1746.5437
1746.5545
1746.571
1746.5991
1746.6137
1746.7899
1746.8059
1746.848
1747.0927
1747.1032
1747.2879
1747.3075
1747.5249
1747.7706
1748.1281
1748.8808
1748.8955
1748.9479
1749.2325
1749.2679
1749.7172
1749.7371
1749.7568
1749.7796
1749.7916
1749.8867
1750.1122
1750.1331
1750.1587
1750.3088
1750.3231
1750.4153
1750.4267
1751.0103
1751.0507
1751.3428
1751.5094
1751.883
1751.943
1751.9573
1751.9769
1751.9952
1752.5526
1752.5662
1752.5828
1752.6073
1752.6229
1752.6619
1752.6754
1752.6947
1752.7176
1753.0419
1753.0606
1753.0862
1753.1027
1753.2104
1753.2233
1753.2638
1753.3206
1753.6347
1754.2889
1754.3137
1754.8755
1754.9037
1754.9251
1755.2693
1755.3136
1755.605
1755.6227
1755.6463
1755.6752
1755.6891
1755.9513
1756.8864
1756.9641
1757.1006
1757.4567
1757.4921
1757.6368
1757.8951
1757.9249
1758.0039
1758.0278
1758.188
1759.7678
1760.1632
1760.3167
1760.3259
1760.3416
1760.3551
1760.382
1760.7254
1760.9515
1762.2629
1762.4976
1762.6236
1762.912
1762.9269
1762.9415
1763.2738
1763.4706
1763.4953
1763.5881
1763.6074
1763.8351
1763.8755
1763.8892
1763.9407
1764.2317
1764.2476
1764.4051
1764.4483
1764.5006
1764.9239
1764.9535
1765.4091
1765.4194
1765.4458
1765.5185
1765.5365
1765.6799
1765.7068
1766.2267
1766.3972
1766.4275
1766.8196
1766.8342
1766.8743
1766.8868
1766.9341
1766.9468
1767.2963
1767.3132
1767.6577
1767.776
1768.0115
1768.3915
1768.4081
1768.422
1768.4413
1768.4639
1768.4802
1768.7086
1769.0752
1769.9782
1769.9894
1770.4969
1770.5256
1770.534
1770.546
1770.5898
1770.5979
1770.8997
1770.9259
1770.9346
1771.0497
1771.1144
1771.1264
1771.1603
1773.1088
1773.1247
1773.4549
1773.6026
1773.623
1774.189
1774.2007
1774.8083
1774.8307
1774.8753
1775.1682
1775.1826
1775.4642
1775.4757
1775.4876
1775.5174
1775.5307
1776.1069
1776.1175
1777.959
1778.9406
1778.9669
1779.2739
1779.9225
1779.9381
1780.0503
1780.0648
1782.5169
1782.5341
1782.5602
1782.8603
1782.8734
1782.9512
1783.0082
1783.0262
1783.0853
1783.1053
1783.3323
1783.3474
1783.368
1783.412
1783.8782
1783.9254
1783.9629
1783.9796
1783.9984
1784.0225
1784.0472
1784.0826
1784.0995
1784.2277
1784.2409
1784.2834
1784.32
1784.3365
1784.3643
1784.4008
1784.4254
1784.4853
1784.831
1784.8538
1784.87
1784.9429
1784.9532
1784.99
1785.2218
1785.7468
1785.7623
1785.7823
1786.1644
1786.1797
1786.1969
1786.219
1786.2334
1786.5443
1786.5567
1786.6771
1786.6897
1786.7016
1786.7183
1786.821
1786.8549
1786.9259
1786.9414
1786.9654
1786.9887
1786.9999
1787.6233
1787.8851
1787.8994
1788.0394
1788.0682
1788.1669
1788.4204
1788.9449
1788.9581
1789.6129
1789.9015
1789.9259
1789.9624
1789.989
1790.0061
1790.0207
1790.044
1790.0871
1790.1312
1790.1745
1790.4853
1790.5187
1790.7323
1790.7447
1790.7586
1790.7987
1791.2545
1791.2695
1791.2862
1791.2988
1791.3221
1791.8053
1791.8181
1792.1071
1792.4906
1792.5028
1792.5196
1792.5349
1792.5537
1792.7068
1792.7201
1792.7307
1792.7758
1793.0662
1793.2467
1793.2584
1793.3749
1793.3867
1794.0303
1795.1323
1795.1474
1795.1969
1795.2494
1795.7211
1796.3542
1796.4083
1796.4278
1796.4768
1797.4957
1797.5119
1797.568
1797.7021
1798.3367
1798.3481
1798.4221
1798.4364
1798.7343
1798.7466
1798.7617
1798.7791
1798.806
1798.8201
1798.9868
1798.9979
1799.0243
1799.0351
1799.1046
1799.8986
1799.9108
1799.9286
1799.9427
1800.2322
1800.2585
1800.2989
1801.0865
1801.4114
1801.4374
1801.4558
1801.8986
1802.4551
1802.4661
1802.7787
1802.9747
1803.0035
1803.0327
1803.6166
1803.631
1803.6539
1805.2832
1806.1647
1806.1797
1806.2502
1806.347
1806.5975
1808.7088
1808.723
1809.0405
1809.0681
1809.1023
1809.2167
1809.2387
1809.4577
1809.4744
1809.4977
1810.3133
1810.3299
1810.3924
1810.4267
1810.4578
1810.4829
1810.5035
1810.5767
1810.6161
1810.7761
1810.7901
1810.8052
1810.8316
1811.1215
1811.1353
1811.153
1811.1683
1811.1815
1811.2057
1811.2349
1812.2924
1813.7296
1814.542
1814.7894
1815.5422
1816.378
1817.514
1817.558
1817.7177
1818.1818
1818.2116
1818.5517
1818.5888
1820.1534
1820.19
1820.2297
1820.2847
1820.3359
1820.3531
1820.3802
1820.3959
1820.4152
1820.421
1820.4463
1820.6041
1820.6408
1821.6962
1825.6632
1825.7028
1825.8471
1825.8702
1828.6056
1828.6357
1828.6726
1828.6934
1828.7146
1828.7347
1828.872
1830.6691
1830.6949
1832.3222
1832.3359
1832.7178
1834.1919
1834.2881
1834.463
1836.332
1836.3476
1836.5317
1836.5493
1836.5711
1836.5806
1836.5922
1836.6545
1836.6739
1836.7399
1836.8255
1836.834
1836.8619
1836.9191
1836.9454
1840.3455
1840.3834
1842.2398
1842.2712
1842.768
1842.7789
1842.7995
1843.0429
1843.0674
1843.2
1843.2279
1844.6707
1844.6926
1845.1547
1845.2107
1845.2359
1845.2558
1845.2809
1845.724
1846.5442
1846.5656
1847.0199
1847.0556
1847.0817
1847.3529
1847.3653
1847.6329
1847.6476
1848.116
1848.1342
1848.1624
1848.3573
1848.3721
1848.6038
1849.3971
1849.4092
1849.4471
1849.5123
1850.4227
1851.1313
1851.1593
1851.6213
1851.6827
1851.7137
1851.7461
1854.0335
1854.1663
1854.216
1854.3111
1854.4008
1854.4161
1854.5803
1854.874
1855.234
1855.5067
1855.5312
1855.6296
1856.0477
1856.5278
1856.5818
1856.6186
1856.8941
1856.9285
1857.0858
1857.0949
1857.9535
1859.8949
1859.9326
1860.0128
1860.0573
1860.0941
1860.8072
1860.9617
1860.9945
1862.0993
1862.2126
1862.2392
1862.2575
1862.6226
1862.6381
1862.7464
1862.7778
1862.7892
1862.9194
1863.3522
1863.367
1863.3942
1863.4128
1863.455
1863.5069
1863.6154
1864.0316
1864.0419
1864.0566
1864.0717
1864.105
1864.1473
1864.1985
1864.259
1864.3864
1864.61
1864.6195
1864.6332
1865.111
1865.4576
1865.6501
1865.7153
1865.8921
1865.9505
1866.5389
1866.655
1866.6787
1866.7513
1867.1598
1867.1817
1867.2645
1869.0819
1869.3055
1871.5612
1872.2108
1872.2374
1873.0125
1873.0357
1873.0673
1873.8325
1876.562
1876.5806
1876.8949
1877.2789
1878.1298
1878.1815
1878.2422
1878.4197
1878.4405
1878.461
1878.531
1878.5472
1879.4601
1879.4773
1879.5046
1879.525
1879.5432
1879.5594
1879.5833
1880.4062
1880.4214
1880.4575
1880.489
1880.5032
1880.5429
1880.6983
1880.7168
1880.7306
1880.8178
1880.9416
1880.9598
1880.974
1881.0292
1881.042
1881.7714
1881.7826
1882.5703
1883.1793
1883.1964
1883.2095
1883.2326
1883.2782
1883.2917
1883.3049
1883.3454
1883.3656
1883.3753
1883.4615
1883.5493
1883.5982
1883.6252
1883.9545
1884.4836
1884.4967
1885.5113
1885.5726
1890.7334
1890.7556
1890.7861
1890.8063
1890.8361
1890.8673
1890.8878
1891.3109
1891.5951
1892.344
1892.3701
1894.5759
1894.5953
1895.2963
1895.345
1895.3815
1895.5773
1895.6022
1895.6125
1895.6264
1895.6377
1895.7152
1898.1771
1898.3911
1898.6039
1898.6375
1900.6607
1902.1489
1902.1668
1902.1868
1902.2091
1902.229
1902.3708
1902.4089
1902.4256
1902.5313
1903.095
1903.1414
1903.1513
1903.1619
1903.1771
1903.5481
1903.5645
1905.5291
1905.5401
1905.7932
1905.8016
1905.8126
1905.8269
1906.6455
1906.7161
1906.9851
1907.0218
1907.3227
1908.615
1908.6507
1908.9214
1909.0548
1909.3792
1909.3935
1909.4114
1909.4612
1909.7784
1909.791
1909.8087
1909.822
1909.8399
1909.8643
1910.2663
1910.5168
1910.5755
1910.8042
1910.8184
1911.0231
1911.0486
1911.5022
1911.5314
1911.6656
1912.0542
1912.3839
1912.4043
1912.4155
1912.4581
1912.8929
1912.9203
1913.7783
1913.8289
1913.8698
1914.3974
1914.4498
1914.5094
1916.1469
1916.166
1916.2496
1916.8875
1917.2473
1917.3068
1917.3767
1917.755
1917.9942
1919.2244
1919.2484
1919.5626
1919.6132
1919.8481
1919.8783
1920.1108
1920.1304
1920.1478
1920.5839
1920.595
1920.6073
1920.649
1920.6653
1920.8443
1920.8674
1920.8803
1921.1948
1921.2099
1921.2308
1921.2815
1921.4776
1921.4881
1921.4986
1921.5262
1921.5469
1921.8315
1921.8569
1922.4126
1922.4283
1922.7857
1922.8033
1922.8363
1922.9024
1922.9294
1922.9455
1922.9784
1923.0535
1923.0647
1923.2006
1923.2157
1923.25
1923.2589
1923.3365
1923.3474
1923.378
1923.9926
1924.4914
1924.5005
1924.5111
1924.522
1924.551
1924.5673
1924.5947
1924.8518
1924.8649
1925.1416
1925.1552
1925.1791
1925.2485
1925.3576
1926.0065
1926.1102
1926.4059
1926.4541
1926.4808
1927.0373
1927.6155
1928.1592
1928.1767
1928.1992
1928.2517
1928.3581
1928.3685
1928.4409
1928.464
1928.6886
1928.7022
1928.7332
1928.7702
1929.1361
1929.4292
1929.4481
1930.2533
1930.3703
1930.4063
1933.7016
1933.7719
1933.8262
1934.1084
1934.1263
1934.1526
1934.1665
1940.2365
1941.2914
1949.7
1949.7402
1949.7548
1949.793
1949.8563
1950.994
1951.0411
1951.1148
1951.1611
1951.8601
1951.8703
1951.8956
1953.2735
1953.4908
1953.7521
1953.8297
1953.8664
1953.8906
1953.998
1954.0395
1954.0509
1954.0657
1954.0992
1954.371
1954.3887
1954.4061
1954.4432
1954.468
1954.5001
1955.0588
1955.0752
1955.0962
1955.2535
1955.2668
1956.798
1956.8231
1956.885
1956.9219
1957.0431
1957.0642
1957.137
1957.2391
1957.3568
1957.3984
1957.4131
1957.4392
1957.487
1957.5482
1957.6917
1957.7802
1957.7991
1957.8471
1958.3786
1958.4386
1958.8407
1958.8762
1958.9113
1958.9455
1958.9643
1959.0132
1959.0368
1959.0485
1960.4259
1960.4482
1960.5058
1960.7021
1960.7142
1960.7279
1961.6495
1961.6777
1963.9083
1963.9326
1964.0224
1964.1123
1964.8135
1964.8306
1964.8618
1964.8915
1967.8731
1968.1652
1969.1273
1972.1213
1972.1607
1972.2007
1972.2141
1972.2543
1972.3062
1972.927
1972.9437
1973.3565
1974.8015
1974.8181
1974.8356
1974.8673
1974.8806
1975.4242
1975.5551
1975.5673
1976.028
1976.0559
1976.0829
1976.0999
1976.5904
1976.6051
1976.887
1976.9239
1977.3228
1979.4358
1979.447
1979.5577
1980.5647
1980.6072
1981.6212
1981.6552
1981.7121
1981.8132
1982.0193
1982.0355
1982.0616
1982.0805
1982.0961
1982.5031
1982.6445
1982.6735
1983.7921
1984.3167
1984.3436
1984.6334
1984.7768
1984.7912
1984.8286
1985.6983
1986.487
1987.5527
1987.5632
1987.6864
1987.8437
1987.9026
1987.9113
1987.9233
1988.1976
1988.2073
1989.0142
1989.0971
1989.2804
1991.8372
1991.8504
1992.1233
1992.2968
1992.6852
1996.5267
1996.6511
1996.748
1996.8317
1996.8724
1996.9149
1999.7163
1999.7369
1999.8112
2000.5877
2000.6046
2000.8346
2001.3865
2001.4384
2002.1411
2002.1841
2002.5979
2002.6288
2002.667
2003.7261
2004.164
2004.3296
2004.3564
2004.4797
2004.89
2005.119
2005.1411
2005.4725
2005.7059
2006.9483
2006.9617
2006.9822
2007.6504
2008.2675
2008.309
2009.0019
2009.0231
2010.5809
2010.5971
2010.7271
2010.7452
2011.8593
2011.8749
2011.9236
2012.4181
2012.4414
2012.7193
2012.7398
2012.9232
2012.9452
2012.9475
2013.0581
2013.0608
2013.1606
2013.8861
2013.9018
2014.6375
2014.6588
2014.7472
2014.8071
2014.8447
2014.8748
2014.9067
2014.9895
2014.9973
2015.127
2015.4182
2015.6331
2015.6426
2015.6774
2015.691
2015.7339
2015.7443
2016.2253
2016.4746
2016.4949
2016.5637
2016.5928
2017.2838
2017.3159
2017.34
2017.3998
2017.5708
2017.5923
2017.6055
2017.6287
2017.6595
2017.6853
2017.9055
2017.9183
2017.9356
2017.9562
2018.06
2018.0721
2018.0971
2018.1931
2018.3165
2018.4503
2018.5988
2018.7449
2018.7577
2018.8606
2019.4999
2019.5428
2020.1759
2020.1926
2020.227
2020.3038
2020.3587
2020.3764
2020.3942
2020.4077
2020.4296
2020.4438
2020.4607
2020.4964
2020.5402
2020.7165
2020.7284
2021.0394
2021.0598
2021.5031
2021.5183
2021.5597
2021.828
2021.8525
2021.8679
2022.5766
2022.7002
2022.7342
2022.8352
2022.8704
2023.29
2023.653
2023.6621
2023.6734
2024.5126
2024.5451
2024.559
2028.6534
2028.6638
2029.4032
2030.7608
2031.983
2036.599
2037.1754
2037.3853
2037.4864
2037.5437
2037.6122
2037.8083
2039.2709
2039.3525
2039.388
2039.4986
2039.785
2039.7977
2039.8713
2039.8871
2039.9189
2040.2569
2040.2865
2040.5398
2040.5494
2040.6535
2040.6689
2040.704
2040.7325
2041.743
2041.7682
2041.935
2041.9842
2041.9962
2042.2452
2042.2772
2042.3627
2042.7547
2042.7863
2042.7988
2043.6683
2043.6796
2043.9591
2043.9715
2044.0571
2044.1377
2044.1492
2044.6897
2044.7059
2045.0623
2045.0847
2045.1031
2045.6
2047.0709
2047.6912
2047.7031
2047.728
2051.5747
2051.5962
2051.6101
2051.6341
2051.67
2051.727
2052.6139
2052.6639
2052.6906
2052.7241
2052.7807
2052.9398
2052.9616
2053.0446
2053.1185
2053.7795
2053.916
2053.933
2054.1448
2054.216
2054.5953
2054.604
2054.6171
2054.6311
2054.6619
2054.7023
2054.7119
2054.8946
2054.915
2054.9454
2055.0346
2055.0676
2055.0917
2055.1587
2055.754
2055.9777
2055.9996
2056.0484
2056.074
2056.1123
2056.4819
2056.4922
2056.5226
2056.9144
2056.9693
2057.0393
2057.1337
2057.1454
2057.1667
2057.1968
2057.2224
2057.2697
2057.2928
2057.3071
2057.5918
2057.6068
2057.7596
2057.7735
2057.8877
2057.9002
2057.9119
2057.9267
2057.9679
2058.2227
2058.2326
2058.2422
2058.2572
2058.2714
2058.2872
2058.4864
2058.5263
2058.5507
2058.5671
2058.5797
2058.6343
2058.6642
2058.7965
2058.8597
2058.8718
2058.8825
2058.91
2058.9232
2058.9279
2059.0095
2059.0393
2059.1065
2059.1449
2059.3273
2059.78
2059.8192
2060.1832
2061.2775
2061.2954
2061.3221
2061.3555
2061.4104
2061.6416
2061.7124
2061.7213
2061.7311
2061.7586
2061.7781
2061.8079
2062.0086
2062.0205
2062.583
2062.6112
2062.9931
2063.0031
2063.0252
2063.0365
2063.0751
2063.0909
2063.6681
2063.6914
2063.8894
2063.9609
2063.9749
2064.0173
2064.0564
2064.0988
2064.1566
2064.4268
2064.4593
2064.4735
2064.4969
2064.6231
2064.6329
2064.6557
2064.6855
2065.3959
2065.4466
2066.08
2066.1073
2066.1219
2066.1709
2066.2478
2066.2884
2066.3702
2066.5457
2066.7838
2066.7928
2066.8219
2068.232
2068.4091
2068.4688
2069.3469
2069.5995
2069.6687
2069.9083
2069.9556
2069.9918
2070.1529
2070.1632
2070.2157
2070.2448
2070.4658
2070.6139
2070.6263
2070.6855
2071.4314
2071.4587
2071.5014
2071.5137
2071.5493
2071.5745
2072.3647
2072.4006
2073.7454
2073.757
2073.8057
2073.8275
2073.9087
2073.982
2074.0386
2075.172
2075.308
2075.3579
2075.3824
2075.4088
2076.1744
2076.2504
2076.4556
2076.4722
2076.5002
2077.169
2077.1863
2077.3627
2077.3888
2077.4096
2078.9432
2078.9708
2078.9936
2079.0452
2079.1447
2079.1947
2079.4655
2079.7202
2079.7313
2079.7636
2079.7998
2079.8183
2079.8522
2079.8635
2080.0053
2080.0276
2080.1706
2080.1856
2080.2127
2080.5122
2080.5517
2080.6227
2081.0053
2081.0291
2081.0427
2081.0696
2081.3813
2081.5056
2081.5154
2081.538
2081.6093
2081.6217
2082.3009
2082.5313
2082.5414
2082.5645
2082.7117
2082.7255
2082.7394
2082.7586
2082.7783
2083.0521
2083.2207
2083.4958
2083.8694
2083.9094
2083.9214
2084.3182
2084.3524
2084.3778
2084.4035
2084.4344
2084.4592
2084.4964
2085.1165
2085.1334
2085.196
2085.2065
2085.615
2085.6288
2085.6807
2086.0308
2086.4674
2086.4806
2086.5322
2086.65
2086.8883
2086.9017
2086.922
2086.943
2087.5043
2087.5199
2087.7254
2087.762
2087.8665
2087.9711
2088.4162
2088.6024
2088.6206
2088.6471
2088.6623
2089.3277
2089.3485
2089.3649
2089.8894
2089.9034
2090.6183
2090.6347
2090.6589
2090.7041
2090.7974
2091.4722
2091.7936
2091.9407
2091.9616
2091.9765
2091.991
2092.0112
2092.5283
2092.5457
2092.5681
2092.6845
2093.1607
2093.1738
2093.207
2093.2194
2093.2685
2093.8002
2093.8555
2094.0326
2094.0599
2094.097
2094.1299
2094.174
2094.1788
2094.465
2094.4849
2094.5039
2094.5269
2094.8394
2094.8627
2094.9315
2094.9845
2095.0883
2095.1023
2095.125
2095.1627
2095.191
2095.2288
2095.5275
2095.7291
2095.7703
2095.7941
2096.6528
2096.6848
2096.7001
2096.7434
2096.8759
2096.8874
2096.93
2096.9713
2097.0115
2097.0216
2097.8639
2097.8844
2097.9211
2097.9979
2098.1251
2098.1719
2098.1973
2098.2135
2098.2269
2098.6883
2098.7014
2098.7134
2098.7564
2098.7721
2098.8574
2098.875
2099.1701
2099.1994
2099.3509
2099.4395
2099.4515
2100.1176
2100.6343
2100.685
2100.7102
2101.3817
2101.5172
2101.5376
2101.5489
2101.5871
2101.6013
2101.6687
2103.8553
2104.3362
2104.4199
2104.4307
2104.5829
2104.8331
2104.8878
2104.9062
2104.9335
2105.8556
2105.9797
2106.0004
2106.0251
2106.0647
2106.2579
2107.1924
2107.4177
2107.5732
2107.5909
2107.6054
2107.7896
2108.1405
2108.1567
2108.1766
2108.4999
2108.511
2108.5266
2108.5586
2108.5755
2109.1982
2109.276
2109.3992
2109.4618
2110.9863
2111.2971
2111.9399
2112.1671
2112.1799
2112.2099
2112.237
2113.1961
2113.2215
2114.1382
2114.1574
2114.5923
2114.6774
2114.7844
2115.5299
2115.541
2116.2678
2116.2831
2116.2963
2116.3506
2116.3781
2116.7153
2116.8178
2116.8548
2116.8869
2116.9667
2116.9948
2117.2562
2117.2723
2117.2918
2117.319
2118.0304
2118.0525
2118.0777
2118.1192
2118.1438
2118.5939
2118.6139
2118.6289
2119.3076
2119.3204
2119.3533
2119.3847
2119.4396
2119.5265
2119.6399
2119.9791
2120.978
2121.0031
2121.1257
2121.1384
2121.1711
2121.1867
2121.204
2121.2364
2121.3624
2121.3758
2121.4262
2121.4381
2121.8483
2121.9239
2122.5335
2122.5468
2122.557
2122.5863
2123.9924
2124.0027
2124.0204
2124.0551
2124.0943
2124.1375
2124.1587
2124.3167
2124.3333
2124.3593
2124.69
2125.4366
2125.4525
2125.685
2125.697
2125.8406
2126.1528
2126.1659
2126.229
2126.761
2127.5726
2128.4001
2128.4619
2128.5367
2128.6257
2128.7029
2128.7545
2128.921
2128.9416
2129.7081
2129.7918
2130.3436
2130.3649
2130.387
2130.4181
2130.4442
2130.8959
2130.9095
2130.9462
2130.981
2131.5934
2131.8742
2132.2097
2132.2362
2132.3021
2132.39
2132.7072
2132.7312
2133.0734
2133.2255
2133.2532
2133.284
2133.4357
2133.451
2133.4767
2133.5153
2133.526
2133.9404
2133.9509
2133.998
2134.0563
2134.9835
2135.0255
2135.3045
2135.3168
2135.3742
2135.5755
2135.5857
2135.9923
2136.0143
2136.0856
2136.1332
2136.151
2136.1831
2136.2071
2136.919
2136.9293
2136.9433
2136.991
2137.657
2137.6666
2137.7627
2137.7889
2137.9957
2138.0143
2138.0389
2138.4753
2138.507
2138.5338
2138.5514
2140.2737
2140.2869
2140.3429
2140.732
2140.7654
2141.0441
2141.0997
2141.1649
2141.185
2141.2436
2141.2942
2143.0478
2143.0625
2143.8568
2145.5828
2145.6113
2146.1912
2146.363
2146.3856
2146.453
2146.4844
2146.5377
2146.8022
2146.83
2146.8569
2147.1106
2147.128
2147.7683
2147.7881
2148.5955
2148.9016
2149.1696
2151.5243
2151.5415
2152.7792
2153.1294
2153.1522
2153.1931
2153.2335
2153.3134
2153.6102
2153.6453
2153.7725
2153.8162
2154.0943
2154.1098
2154.1435
2154.2078
2154.2635
2154.3895
2154.6428
2154.6694
2154.9458
2154.964
2155.05
2155.1425
2155.1881
2155.3392
2155.3591
2155.481
2155.5116
2155.8219
2155.8879
2155.9126
2155.9463
2156.0651
2156.5558
2156.5699
2156.8526
2156.9292
2156.9383
2157.0023
2157.0616
2157.6445
2157.661
2158.0557
2158.0818
2158.1243
2158.1643
2158.3102
2158.3306
2158.3445
2158.3592
2158.3961
2158.4082
2158.9598
2158.9738
2159.021
2159.0331
2159.5242
2159.6937
2159.705
2159.7262
2159.758
2161.4701
2161.7436
2161.7725
2161.8054
2162.203
2162.2231
2162.5573
2162.58
2162.5896
2162.6563
2163.3287
2163.3776
2164.4279
2164.4648
2164.525
2164.5532
2164.6093
2164.8375
2164.8603
2165.9996
2166.0128
2166.3896
2166.4786
2166.8128
2166.8264
2166.85
2166.9036
2166.9224
2166.9521
2166.9846
2167.0202
2167.0497
2167.123
2167.3198
2167.4046
2167.4185
2167.6159
2167.6345
2167.651
2167.6834
2167.718
2168.3073
2168.3185
2168.3561
2168.4033
2168.4315
2168.7157
2168.725
2168.7456
2168.7581
2168.8269
2168.8894
2169.2006
2169.2231
2169.2381
2169.6163
2169.64
2169.8132
2170.0549
2170.1039
2170.358
2170.6133
2170.6258
2170.6477
2170.6886
2170.7194
2171.0568
2171.0821
2171.0992
2171.1316
2171.8612
2172.1496
2172.5062
2172.8742
2172.8904
2173.5315
2173.5462
2173.5863
2174.0394
2174.0549
2174.1095
2174.3281
2174.352
2174.688
2174.7005
2174.739
2174.9333
2174.948
2174.9723
2175.0021
2175.5384
2176.2191
2176.2309
2176.6116
2176.7732
2177.186
2177.2012
2177.2223
2177.2372
2177.2748
2177.6319
2177.6546
2177.923
2177.944
2178.2265
2178.2771
2178.3637
2178.4137
2178.4281
2178.4608
2178.7461
2179.2748
2179.9087
2180.3405
2180.4044
2180.4238
2180.4467
2180.4938
2180.5142
2180.5404
2180.5609
2180.5887
2180.6069
2180.7948
2180.8598
2180.8759
2181.0299
2181.0675
2181.3317
2181.3457
2181.3614
2181.4456
2181.4579
2181.4773
2182.4024
2182.4173
2182.4376
2182.4515
2182.4659
2182.4957
2182.5483
2183.0437
2183.058
2183.0815
2183.1178
2183.1615
2183.1729
2183.1825
2183.1942
2183.2653
2183.376
2183.5288
2183.6023
2184.2352
2185.1505
2185.1682
2185.1892
2185.2155
2185.2338
2185.2812
2185.3246
2185.3561
2185.6529
2185.6778
2185.7601
2185.8862
2186.7585
2186.7779
2186.9595
2186.9703
2186.9849
2187.0178
2187.2679
2187.2782
2188.242
2188.2887
2190.3214
2190.3363
2190.3656
2190.3968
2190.4107
2190.5359
2190.5497
2190.5976
2190.6116
2190.6136
2190.6654
2190.6931
2191.0897
2191.3546
2192.0234
2192.0346
2192.0883
2192.1063
2192.1479
2192.16
2192.2148
2192.2271
2192.9207
2192.9326
2193.3797
2194.1188
2194.428
2194.4394
2194.4506
2194.7675
2194.7794
2194.9613
2195.0224
2195.5938
2195.6149
2195.6528
2195.6792
2195.8933
2195.9208
2195.9719
2196.0399
2196.2857
2196.3192
2196.3487
2196.4591
2196.501
2196.5322
2196.717
2196.7365
2196.7892
2197.6345
2197.6459
2197.6997
2198.3355
2198.4719
2198.5566
2198.7652
2199.3934
2199.8393
2200.5118
2200.534
2200.8845
2201.9545
2202.5904
2202.6755
2202.6889
2205.568
2205.6041
2205.8502
2205.8798
2205.939
2205.9841
2205.9947
2206.1049
2206.2317
2206.2424
2206.3204
2206.5673
2206.7272
2206.7674
2207.1674
2207.1901
2207.2072
2208.577
2208.5924
2208.6787
2210.0837
2210.0957
2210.3115
2210.41
2210.4553
2211.3109
2211.3617
2211.4551
2211.4751
2211.5034
2211.5412
2212.7578
2212.7805
2213.3869
2214.72
2214.7747
2214.7885
2214.8994
2214.9989
2215.0206
2215.0434
2215.072
2215.5774
2215.5896
2215.6354
2215.6472
2215.9464
2216.6589
2216.7842
2217.1136
2217.1414
2217.1627
2217.195
2217.2292
2217.6494
2217.8596
2218.7779
2218.799
2218.8165
2218.8519
2218.8957
2218.9514
2219.2917
2220.6759
2221.7424
2221.7676
2221.7916
2222.7559
2222.9409
2222.9709
2223.475
2223.728
2223.7517
2227.109
2227.4756
2227.5047
2227.5615
2227.9045
2228.5396
2228.5638
2228.5869
2228.6006
2228.7809
2229.5611
2231.0457
2231.0791
2231.1697
2231.1887
2231.2958
2231.3129
2231.3471
2231.3976
2231.7882
2233.2823
2233.3332
2233.9588
2234.0185
2234.0305
2234.0548
2234.2851
2234.7594
2236.2628
2236.8972
2240.072
2240.7449
2241.3303
2241.6872
2242.5257
2248.3994
2248.4175
2248.4535
2248.7424
2249.8965
2251.2299
2252.3181
2252.3526
2252.4307
2252.4465
2252.4802
2252.4906
2253.0838
2253.0972
2255.4144
2255.4457
2255.4707
2255.7972
2255.8229
2255.8586
2255.8983
2256.4245
2256.464
2258.8362
2258.8844
2258.9177
2259.0918
2259.1039
2259.1274
2259.6726
2259.7015
2259.7376
2259.7823
2259.8142
2259.8964
2259.9134
2260.5864
2260.7987
2260.8184
2261.5684
2261.8785
2261.912
2262.4839
2262.719
2262.7439
2262.8324
2262.9136
2263.1978
2263.2253
2263.335
2263.3617
2263.4004
2263.8018
2263.8543
2264.007
2264.0195
2264.6789
2264.6948
2264.7082
2264.7257
2264.7417
2264.7717
2264.7942
2265.3323
2266.2073
2266.2615
2266.3105
2266.3286
2266.3409
2266.7079
2266.7185
2266.7316
2266.7441
2266.7952
2266.8225
2266.9149
2266.9288
2266.9505
2266.9666
2267.1035
2267.1466
2267.244
2267.2816
2267.4791
2267.5013
2267.5185
2267.5716
2267.6322
2267.8339
2267.849
2267.8899
2268.0877
2268.1017
2268.3395
2268.3519
2268.3783
2268.4016
2268.4458
2268.7918
2268.9587
2269.0732
2270.5239
2270.5667
2271.029
2271.0607
2271.0759
2271.136
2271.2013
2271.2209
2271.5586
2271.7892
2271.9417
2271.9652
2271.9987
2272.2649
2272.278
2272.2927
2272.3107
2272.3416
2272.3624
2272.9224
2272.938
2272.9623
2272.9795
2273.0124
2273.0443
2273.0615
2273.0749
2273.1078
2273.374
2274.0961
2274.145
2274.4989
2274.5341
2274.6355
2274.8044
2274.8368
2275.0635
2275.0786
2275.1063
2275.1435
2275.7618
2275.7846
2276.0778
2276.4764
2276.489
2276.5608
2276.5925
2276.6143
2277.0039
2277.0229
2277.291
2277.313
2277.8446
2278.3918
2278.9133
2279.3227
2279.5399
2279.794
2280.1139
2280.1532
2280.1858
2280.2201
2280.2628
2280.6902
2280.709
2280.7322
2280.867
2280.9588
2282.4319
2282.4989
2283.6887
2283.7173
2283.7751
2283.7996
2284.2118
2284.6112
2284.6304
2284.7806
2284.806
2284.8509
2284.8712
2284.9034
2284.9411
2284.985
2285.3612
2285.3711
2285.384
2285.3971
2285.4094
2285.427
2285.7683
2285.7803
2285.7956
2285.8155
2285.8401
2285.8748
2286.0736
2286.0977
2286.4399
2286.5399
2286.5577
2286.7879
2286.8179
2287.0012
2287.0159
2287.0572
2288.0373
2288.0857
2288.2436
2289.0532
2289.0666
2289.508
2289.5438
2289.6181
2289.6584
2289.9388
2290.003
2290.1692
2290.2082
2291.5081
2291.7804
2291.8048
2292.2905
2292.3026
2292.3583
2292.3745
2293.3161
2293.3267
2296.4304
2296.6507
2296.6779
2296.7483
2296.7591
2296.7803
2297.868
2298.2987
2298.3216
2298.4309
2298.4621
2298.4781
2298.688
2298.6994
2298.7432
2298.7564
2298.7921
2298.9073
2299.5186
2299.8249
2302.0551
2302.3553
2302.3698
2302.414
2302.4439
2302.8267
2302.857
2303.1149
2303.1297
2303.179
2303.2182
2303.2892
2303.3031
2303.8238
2303.8509
2303.8927
2303.9724
2306.6309
2306.6508
2307.143
2307.1725
2307.5816
2307.7415
2311.0741
2311.3397
2311.3594
2311.4265
2313.4724
2313.7678
2313.8525
2313.888
2314.1232
2314.2785
2314.3002
2314.8949
2314.923
2315.1107
2315.3833
2315.4162
2315.4367
2315.7399
2315.7629
2315.7815
2316.1895
2316.2094
2316.3529
2316.9401
2316.9727
2317.0182
2317.1525
2317.8383
2319.2967
2319.4719
2319.6985
2319.7184
2320.3974
2320.4165
2321.9163
2322.0244
2322.0396
2322.0755
2322.2413
2322.6506
2322.6678
2322.71
2323.6583
2323.6746
2323.708
2323.7827
2323.8147
2325.1596
2326.2296
2326.5871
2326.6094
2326.661
2326.7777
2326.7971
2327.0338
2327.0464
2327.068
2327.7202
2327.7316
2327.7526
2327.8107
2327.8367
2328.4615
2328.4727
2328.4887
2328.5248
2328.5402
2328.5954
2329.2106
2329.2312
2329.247
2329.2668
2329.318
2329.3315
2329.3444
2329.3716
2329.3827
2329.42
2329.7001
2330.3615
2330.4062
2330.632
2330.6434
2330.6592
2330.6694
2330.691
2331.0797
2331.099
2331.8733
2332.22
2334.392
2334.4041
2335.2083
2335.2286
2336.2998
2336.7285
2336.7686
2336.8003
2340.1985
2340.5639
2340.888
2341.2226
2341.433
2342.5086
2342.8028
2342.8345
2343.193
2343.5091
2344.0859
2344.3693
2344.3837
2344.4044
2344.4354
2344.461
2344.4927
2344.5422
2344.6062
2344.6188
2345.8916
2345.907
2345.9226
2346.5145
2346.5834
2346.6923
2347.0278
2347.042
2347.822
2347.9182
2348.2639
2348.9289
2348.9835
2349.0091
2349.4417
2349.4804
2349.534
2349.7988
2349.8224
2349.8432
2349.8607
2350.4568
2350.4927
2350.5085
2351.5746
2351.6056
2351.7201
2351.7486
2351.7805
2352.0722
2352.119
2352.1337
2352.16
2352.1848
2352.2074
2352.2405
2352.4019
2352.625
2352.7386
2352.7502
2352.8708
2352.8827
2352.9277
2352.9403
2352.9649
2352.999
2353.0499
2353.0777
2353.0885
2353.1035
2353.2227
2353.2853
2353.3216
2353.5434
2353.5587
2353.5856
2353.6637
2355.2523
2355.8139
2355.885
2356.7909
2356.8147
2356.9397
2357.2852
2357.3236
2357.3415
2357.4434
2359.0905
2359.1057
2359.1283
2359.1572
2359.176
2359.2878
2359.8022
2360.6286
2360.6489
2362.0731
2362.0927
2362.549
2362.5615
2362.5747
2362.5986
2362.6265
2362.7643
2362.7763
2362.7879
2362.8676
2363.3819
2363.4076
2363.4267
2363.4378
2363.7068
2364.2936
2365.243
2365.688
2365.7697
2365.8125
2366.0909
2366.107
2366.1179
2366.1511
2366.246
2366.7356
2366.7582
2366.8152
2366.8471
2366.8693
2367.2042
2367.2135
2367.2264
2367.246
2367.257
2367.2893
2367.3287
2367.4596
2367.5103
2368.0176
2368.0717
2368.4235
2368.4349
2368.4804
2368.4925
2368.5057
2368.8826
2368.9086
2368.9212
2369.034
2369.1617
2369.1744
2369.1951
2369.2671
2369.9488
2370.6355
2370.8568
2370.8672
2371.2637
2371.5399
2371.5651
2371.6888
2371.7546
2371.8008
2371.9644
2372.8759
2372.939
2373.205
2374.0969
2374.2331
2374.2666
2374.2855
2375.0288
2375.0418
2375.0981
2375.1187
2376.5276
2376.8418
2376.8649
2377.0641
2377.1353
2377.4818
2377.512
2377.5224
2377.5325
2377.5644
2377.8648
2377.8981
2377.9164
2378.094
2378.1177
2378.4875
2378.501
2379.8058
2379.827
2379.881
2379.9004
2380.7971
2381.1619
2381.3367
2381.3895
2381.4227
2381.4557
2381.7925
2381.8058
2381.8662
2381.8886
2382.5668
2382.5947
2382.7536
2383.2431
2383.4905
2383.503
2384.1613
2384.215
2384.2316
2384.3135
2384.3488
2384.4222
2384.7949
2385.0326
2385.0704
2385.0922
2385.1034
2385.1168
2385.2985
2385.887
2386.2995
2386.3297
2386.4642
2386.5155
2386.7124
2386.7397
2387.0877
2387.1009
2387.1268
2387.44
2387.5103
2387.679
2387.7269
2387.826
2387.8604
2388.3211
2388.3312
2388.3429
2388.5679
2389.0719
2389.4575
2390.0677
2390.1563
2390.3318
2390.3468
2390.3642
2390.3957
2390.447
2390.9281
2390.9397
2392.2522
2392.5238
2392.5339
2392.5463
2392.5856
2392.8503
2393.1835
2393.2298
2395.6318
2395.9095
2396.7509
2396.8044
2397.0574
2398.7155
2398.7365
2399.7807
2400.584
2401.805
2401.8212
2401.8333
2401.8479
2402.4677
2403.0782
2403.1267
2403.3966
2403.4287
2403.482
2403.5218
2403.5366
2403.5488
2403.737
2403.7686
2403.7889
2404.0935
2404.1391
2404.396
2404.4087
2404.4345
2404.8055
