6.3916
6.4002
6.4098
6.4515
7.0911
7.0996
7.1362
7.1452
8.3565
8.3743
8.666499999999999
9.088100000000001
9.1099
9.5077
9.541
9.562799999999999
9.6211
9.701700000000001
10.018
10.0295
10.0591
10.4651
10.4821
10.5533
11.8951
11.9109
11.9494
12.6345
12.6937
13.7648
13.8494
13.9386
14.6305
14.6395
14.6528
14.6902
14.7088
15.574
15.5925
16.4585
16.4705
18.284
20.8099
20.8185
20.8318
20.901
20.9325
20.9476
25.6812
25.6926
25.7916
26.7985
26.814
26.8513
26.862
27.4005
27.4491
27.4907
27.5835
27.5989
27.84
27.8512
28.1116
28.1237
28.2155
29.0662
29.0741
29.0869
31.9528
31.9612
31.9721
32.0175
32.0532
32.4567
32.4963
32.5168
32.5549
32.5748
32.6069
32.6599
33.0531
33.0635
33.0719
33.1058
33.1185
33.1584
33.188
34.0165
34.0351
34.0542
34.1454
34.1574
34.4514
34.4684
34.4982
34.5066
34.5253
34.5398
34.5739
34.586
34.8503
34.8578
34.9251
34.9361
35.1126
35.1402
35.161
35.1722
35.1939
35.4144
35.4312
35.6214
35.6357
35.6775
35.931
35.9482
35.9683
35.983
36.0154
37.1558
37.1659
37.1834
37.2015
37.5642
37.5763
37.7172
37.8893
37.9109
37.9724
38.3235
38.335
38.3828
38.4108
38.7326
39.0303
39.0449
39.0616
39.1886
39.763
39.8208
39.8351
39.8465
39.8959
41.7942
41.8491
42.4475
42.4611
42.4805
43.1146
43.1357
43.1933
43.2053
43.3184
43.3509
43.4031
43.6455
43.6783
43.6976
44.0664
44.0897
44.2683
44.2773
44.296
44.3218
44.4172
44.4285
44.4455
44.5256
44.5348
44.7549
44.7748
44.8545
45.3072
46.8968
46.9087
47.2929
48.2667
48.2764
48.2964
48.8565
48.8712
48.8913
48.9506
49.0064
52.4687
52.4925
52.9353
56.085
56.0983
56.6062
56.617
58.2823
58.3222
58.3439
58.4433
58.5104
59.1984
59.2144
59.2269
59.3825
59.4155
59.5106
64.6662
64.6811
65.10299999999999
65.1113
65.1238
65.15260000000001
65.16759999999999
67.6151
67.6279
67.8686
67.8827
67.9081
68.208
68.2343
71.1862
71.1934
71.20350000000001
71.2376
72.61239999999999
72.7307
72.7491
77.7098
77.72020000000001
77.7878
77.843
77.8544
78.8015
78.8942
78.98909999999999
79.37949999999999
81.6134
81.634
82.0057
82.1238
82.3443
82.3922
82.4057
83.959
83.9691
83.98439999999999
84.00960000000001
84.1481
84.3339
84.3467
84.39700000000001
84.41370000000001
86.0895
86.12260000000001
86.1743
86.35250000000001
86.36150000000001
86.3741
86.4576
86.4982
86.9936
87.0288
87.3293
87.3412
87.6367
88.4652
88.47580000000001
88.50830000000001
90.02200000000001
90.0428
90.2514
90.26439999999999
90.27249999999999
90.2848
90.3073
90.58540000000001
90.6049
90.89019999999999
90.9012
90.94289999999999
90.95569999999999
91.0082
91.1433
94.51909999999999
94.5299
95.58920000000001
95.5975
95.6174
95.6285
99.75449999999999
99.76220000000001
99.7791
99.8711
100.3276
100.337
100.4826
100.5079
100.5468
100.5562
100.5673
100.6167
100.6466
100.9946
101.0039
101.0136
101.0303
101.2322
101.2427
101.2545
101.316
101.524
101.5352
101.5581
101.904
101.9219
101.9483
102.049
102.0665
102.0875
102.1109
102.152
102.1638
102.1959
102.2265
103.4761
103.533
103.5447
104.257
104.2767
104.2916
104.3335
104.7456
104.7542
104.771
104.8398
104.8649
105.0662
105.5643
105.5737
105.5829
105.5956
105.6091
107.2034
107.213
109.513
109.5463
111.8455
111.8553
111.8782
112.2834
112.3038
112.3197
112.376
113.6824
113.6933
113.7221
113.7435
113.7513
113.7924
114.3869
114.4439
114.4933
114.6842
114.6916
114.6997
114.7128
114.7483
116.3651
116.3735
116.3968
118.1207
118.1448
118.1892
118.2208
118.2512
118.8699
118.9745
118.9975
120.3134
120.3275
120.3441
120.3565
120.3731
120.9769
120.988
121.0064
121.0253
121.4833
121.4959
121.5404
121.5516
121.5674
121.8634
121.8728
121.8845
121.901
121.9145
121.9697
121.9869
122.1403
122.1487
122.1612
122.1837
122.2044
122.2184
122.2399
122.3439
122.3563
122.8763
122.9134
123.559
123.5706
123.593
123.6328
123.6461
123.7503
123.7662
123.809
124.1187
124.1293
124.1838
124.2265
124.2386
124.2808
124.2905
124.5751
124.5831
124.5929
124.6212
124.6351
124.777
124.7994
125.1689
125.2437
125.2604
125.2736
125.2876
125.9699
126.004
126.5982
126.6067
126.6163
126.6347
126.6638
126.7128
126.726
126.7624
126.7827
126.8746
126.8885
126.8982
126.9142
126.941
127.0093
127.0185
127.0707
127.095
127.1184
127.1516
127.1662
127.2804
127.3239
127.363
127.3791
127.8859
127.8957
127.9082
127.9343
127.952
127.9811
128.2126
128.2208
128.669
128.6838
130.4132
130.4313
131.5228
131.6639
133.4459
133.4605
133.7427
134.3346
135.3875
135.5768
135.7106
136.105
136.1225
136.1374
136.1924
136.2026
136.2138
136.226
136.3085
136.3331
137.3362
137.3445
137.359
137.3745
138.6363
138.6598
138.6699
138.7143
138.7845
140.2816
140.2959
141.1064
141.1156
141.5986
142.0419
142.0632
142.0822
142.1854
143.1968
143.2063
143.2607
143.6723
143.6913
143.7174
144.4283
144.4463
144.4599
144.5574
144.5671
147.4666
147.4907
148.6258
148.6353
148.6636
150.0262
150.0488
150.1265
150.568
150.5803
151.0065
151.0173
151.0927
151.1036
151.1231
152.71
152.7223
153.8996
154.4527
154.4671
154.5091
155.2814
155.2965
155.3159
155.3398
155.3696
155.3834
155.4265
155.4406
155.4567
155.572
155.6036
155.6283
155.6462
155.6661
155.9059
155.9155
155.9286
155.9629
158.8454
158.8876
158.9212
158.9837
159.2041
159.3969
159.4157
160.0543
160.0627
160.0753
160.092
160.1469
160.1966
161.6397
161.6491
161.6872
161.7145
161.7393
162.0886
162.1038
162.2167
162.2262
162.2341
162.2448
162.7957
162.8046
162.8395
162.8634
162.8757
162.8877
162.8981
162.9074
162.9189
163.8772
163.8876
163.9232
163.9432
165.3568
165.3822
165.4604
166.1179
166.1423
166.1702
166.224
166.7097
169.4694
169.4811
169.6125
169.9255
169.9849
170.0206
170.0332
170.054
172.3828
172.3919
172.4081
172.4225
172.5718
172.7531
172.7657
172.7858
172.802
172.8148
172.857
173.6492
173.6692
173.6938
173.987
174.0015
174.7632
174.7776
175.3861
175.3963
175.4331
175.4422
177.1181
177.1283
177.144
177.2247
177.2418
177.6645
177.6732
177.688
177.7493
177.7581
177.7789
178.0316
178.0423
178.0533
178.0672
178.0933
178.5925
178.6031
178.6194
178.6374
178.6606
178.6802
178.693
178.7025
178.714
178.7426
178.7523
178.7621
178.7877
179.2078
179.217
179.6897
179.6985
179.7098
180.2352
180.245
180.2669
181.4604
181.4693
182.1173
182.128
182.1452
182.2181
182.2357
182.247
182.378
182.3963
182.4087
182.4239
182.4427
182.4461
182.4896
182.5091
182.5446
183.6841
183.6976
183.7845
183.8104
183.8526
184.0793
184.1471
184.1599
184.1807
185.0976
185.1058
185.1203
185.1624
185.4005
185.4097
185.4253
185.4783
185.4912
185.5279
185.5404
185.5594
186.0173
186.0308
186.4503
187.5653
187.5837
187.653
187.6632
187.7195
187.7633
187.7937
187.835
187.8478
187.8583
187.8859
188.015
188.0262
188.0448
188.3859
188.751
188.7854
188.7992
188.8429
188.8603
188.9126
189.1378
189.1658
189.59
189.6209
189.7054
189.7212
189.7532
190.0714
190.0944
190.1192
190.1478
190.5488
190.5903
190.6273
190.6569
190.9858
191.0015
191.0319
191.0657
191.1098
191.1354
191.2022
191.2187
191.2401
191.2657
191.6622
191.6705
191.7032
191.7179
191.859
191.8698
191.9441
191.9527
191.9686
192.0338
192.0653
192.7942
192.8047
193.9563
194.011
194.0923
194.255
194.2673
194.7548
196.1963
196.212
196.2677
197.18
197.1997
197.2615
197.3491
197.3723
197.6422
197.6696
197.9048
197.96
198.9472
198.961
198.981
199.0036
199.0436
199.1478
199.1632
199.1958
199.2106
199.7221
200.0101
200.0186
200.0322
200.0738
200.0836
200.6809
200.7493
201.0142
201.0249
201.1056
201.1859
201.2032
201.2748
201.2854
201.4055
201.4411
201.615
201.9789
202.2338
202.255
202.2689
203.175
203.1822
203.1925
203.2353
203.2473
203.2727
203.3029
203.3439
203.3548
203.3649
203.3744
203.4013
203.4318
203.4449
203.4804
203.6437
203.6531
203.6697
203.6793
203.6917
203.7071
203.8103
203.8226
203.8573
204.0606
204.1248
204.1372
204.2969
204.5764
204.6172
204.6299
205.2908
205.7949
206.453
207.6614
207.6891
207.9955
208.0097
210.3018
210.3128
210.3318
210.5382
210.5481
210.8719
210.8839
210.9277
211.18
211.1924
212.8674
213.4245
213.4341
213.5021
213.5289
213.7627
213.7951
214.4636
214.5113
214.5316
214.5423
214.5938
214.9759
214.9907
214.9999
215.0095
215.0354
215.0806
215.0919
215.3138
215.3517
215.3671
215.3928
215.4043
215.4201
215.4534
215.4767
215.5069
215.5223
215.5513
215.5617
215.5916
215.7223
215.7338
215.9503
216.1835
216.1917
216.2122
216.2572
216.3811
216.6841
216.7102
216.7231
216.7415
216.7692
216.7877
217.4192
217.4301
217.4961
217.5163
218.9192
218.9699
222.7778
222.7979
226.6112
226.6203
226.6606
226.6753
226.6922
227.1052
227.6487
228.1858
228.2063
228.2152
228.2262
228.2441
228.2626
228.5389
228.552
228.7049
228.7276
228.7404
228.9661
228.9871
228.9973
229.0118
229.0258
229.1161
229.1282
229.1863
229.2031
229.2586
229.268
229.2951
229.3756
229.4116
229.6362
229.6454
229.6565
229.7137
229.7287
229.7432
229.7555
229.7694
229.9001
229.9609
230.0304
230.134
230.1439
230.1843
230.2166
230.2265
230.7177
231.2674
231.2789
231.2895
231.3083
231.8859
231.9047
232.3145
232.3243
232.3476
232.5652
232.5839
232.8268
232.8343
232.8633
233.1822
233.3514
233.3873
233.5878
233.601
233.8834
233.9005
234.8944
234.9151
235.6648
235.676
235.6873
235.7157
235.7486
235.7635
236.9286
236.9425
237.1581
237.1696
237.2014
237.2109
239.1608
239.2073
243.2972
243.3224
244.7253
244.7341
244.7472
244.7923
244.8017
244.9097
244.9198
245.0302
245.0451
247.4265
247.4374
247.4498
247.4619
248.3066
248.3898
249.2896
249.3026
249.3128
249.3438
249.3552
249.3735
249.912
249.924
249.9655
250.1618
250.1755
250.1851
250.1965
250.273
250.283
250.3819
250.4356
250.4537
250.6919
252.5894
252.5977
252.6116
252.6702
252.7291
253.0952
253.1099
253.1436
255.4765
255.5087
257.071
257.086
257.1875
257.2344
258.4503
258.4702
258.6351
258.6452
258.6681
258.6948
258.8085
258.8524
259.2754
259.2861
259.3157
259.3364
259.4336
259.7656
259.7763
259.7989
259.8915
259.9319
259.951
260.0259
260.0483
260.0624
260.0993
260.1141
260.1266
260.1402
260.6862
260.6974
260.7138
261.3673
261.3927
261.4389
261.5101
261.5341
261.7083
261.7503
261.7662
261.8064
261.8257
262.0783
262.1065
262.1198
262.1857
262.2069
262.7237
262.7551
262.7879
262.8888
262.9401
264.2245
264.4912
264.518
266.7485
266.7594
270.7767
270.7884
270.8695
270.9838
271.555
271.5878
271.604
271.9331
271.9753
272.1341
272.4846
272.4979
272.5177
272.5906
272.6529
274.4739
274.4997
274.5119
274.5527
274.8548
274.8643
274.8746
274.8932
274.9088
274.9241
275.0607
275.1137
275.1418
275.4988
275.5247
275.5363
276.3011
276.3182
276.857
276.8664
280.5034
280.5189
280.5301
280.6033
280.613
282.0025
282.0125
282.2429
283.3534
283.3652
283.4939
283.502
283.5159
284.8441
284.8535
284.8649
284.8819
285.8283
285.8415
285.8522
285.9427
285.9992
286.1017
286.1124
286.1251
286.1452
286.4644
286.474
286.4974
286.5234
286.5343
288.855
288.8733
288.8879
288.9049
288.923
288.9412
289.1598
289.1817
289.3241
289.3359
289.3731
289.3953
289.4257
289.4298
289.4437
289.5303
289.5435
290.0251
290.049
290.8782
293.4768
293.4884
294.287
294.2951
294.348
299.2696
299.455
299.6189
299.6385
300.1501
306.2129
306.2227
306.2538
306.8218
306.844
309.7683
309.9785
310.0528
311.0315
311.3453
311.3572
311.3919
311.4165
311.704
311.7177
313.063
313.3967
313.672
314.8591
314.8721
314.888
316.2411
316.2506
316.2634
316.2862
317.1135
319.0328
319.0528
319.1018
319.1176
319.3709
319.3889
319.4021
319.4267
319.4431
320.3261
320.4121
321.0975
321.109
321.2085
321.2344
321.2743
321.4786
321.4931
321.5269
324.2214
327.981
328.007
329.0817
331.0836
331.1268
331.2997
331.319
331.8535
331.8666
331.9314
332.212
332.2238
332.2646
332.2899
332.4282
332.4655
332.5006
332.5145
333.1751
333.643
333.9343
333.9601
333.9911
333.9996
334.017
335.6156
335.6292
335.6513
335.7076
335.8727
336.2384
336.2537
336.9458
336.9586
337.0378
337.0587
337.089
337.1495
337.1931
337.7682
337.7778
337.8075
338.551
338.5704
338.5919
338.6211
338.6451
338.6552
338.6662
338.7042
338.7288
338.7405
338.7915
338.838
338.8485
338.8596
338.8695
338.9289
338.9397
339.1096
339.1201
339.1344
339.2171
339.2254
339.2687
339.4174
340.2359
340.7452
340.7542
340.8579
340.8719
341.8242
341.8335
341.8436
342.4719
342.4796
342.4917
342.5024
342.515
342.5304
342.5491
342.5612
342.595
342.7585
342.7673
342.7779
342.7998
342.839
342.8492
342.8635
343.0483
343.0645
343.086
343.1044
344.6273
344.7698
344.8396
345.0235
345.0335
345.0963
345.1096
345.2382
345.2461
345.2608
345.3375
345.6874
345.7077
345.9714
345.9906
346.0647
346.1317
346.1463
346.3817
346.3961
346.4228
346.5315
346.5397
346.9738
346.9866
347.0361
347.0486
347.0741
347.1065
347.3871
347.4099
347.9793
348.038
348.0491
348.361
348.4427
348.7296
349.0583
349.1155
349.1578
349.8818
350.5453
350.5564
350.9302
350.9414
351.155
351.1677
351.5335
351.5531
351.9033
351.9281
353.4002
353.6328
353.6579
353.9449
353.9556
353.9784
354.467
354.533
355.3026
355.3152
355.327
355.4139
355.4278
355.4376
355.4799
355.4972
355.7166
355.742
356.1304
356.1415
356.2017
356.2136
356.2334
356.6271
356.6414
356.6849
356.6948
358.3253
358.3362
359.198
359.2093
359.2229
359.2425
359.2664
359.3059
359.3184
360.7143
360.9213
362.0872
362.0993
362.1316
362.1408
363.5039
363.5158
363.5491
363.7467
363.7587
363.7901
364.0546
364.0641
364.0737
364.0844
364.0943
364.1093
364.1296
364.159
364.18
364.1931
364.389
364.4267
364.4376
364.4481
364.4763
364.5063
364.5877
364.5996
364.6392
365.0582
365.0692
366.6998
366.7159
366.7366
367.1625
367.1722
368.1062
368.1151
368.1433
368.7129
368.7219
368.9286
368.9369
368.9482
368.9615
368.9798
370.1016
370.1118
370.1204
370.1301
370.1503
370.2939
370.3081
370.3399
370.4382
370.6801
370.6983
370.7222
370.7427
370.7539
370.7919
370.8317
371.0445
371.0557
371.0874
371.3827
372.3578
372.9804
373.5332
373.6021
374.4669
374.4817
376.6261
376.6854
376.8524
376.866
376.9873
377.1847
377.1997
377.2386
379.025
379.0382
379.0587
379.0787
379.1316
380.6457
380.6538
380.6695
380.6787
380.72
381.1742
381.1841
381.2063
381.2227
382.3805
382.3935
383.7587
383.7685
385.329
385.4814
386.6676
387.1584
387.1838
387.2636
388.177
388.1878
388.2018
388.2225
388.2399
390.3468
390.5639
390.573
390.6191
391.0389
391.0483
391.059
391.0777
391.5469
391.9029
392.3265
392.3374
392.7099
392.7264
392.7341
392.7565
393.5847
393.5938
393.6164
393.9248
393.9378
393.9538
394.2188
394.2398
394.4946
397.8655
397.8845
397.8998
398.0721
398.131
398.168
399.0204
399.0319
399.5223
399.5318
399.5563
399.7948
399.8093
399.8279
401.3869
401.3947
401.4067
401.4174
401.4615
402.2626
403.0362
403.0472
403.0664
403.1072
403.131
403.2475
403.3738
403.3875
403.415
403.9192
403.9307
403.9495
404.3084
404.8916
404.9115
404.9383
407.6425
407.6619
407.8115
408.1531
408.1618
408.2202
408.2552
408.2743
408.2913
408.4367
408.5462
408.5803
408.594
408.7172
409.2208
409.5486
409.5608
409.5773
409.6067
409.6392
409.8517
409.8717
413.4517
413.4629
413.4904
415.4717
415.49
415.5102
417.0566
417.0733
417.2118
417.2698
417.314
417.5327
417.5418
417.551
417.6283
417.8839
417.8965
418.2988
418.3102
418.3297
418.3506
418.4656
418.6275
418.803
418.8119
418.83
418.9418
420.0086
420.2721
420.2901
420.5561
420.6045
421.067
421.4241
421.434
421.4961
421.594
421.6045
422.1517
422.1623
422.2451
422.2588
423.0514
423.1111
424.0263
424.0438
424.0713
425.3871
425.4032
426.3891
426.401
427.3333
427.3434
427.3542
427.3742
427.3971
427.6053
427.7072
427.7376
427.7503
427.8144
430.7574
430.7691
430.8036
430.8295
431.8704
431.8876
432.6244
432.6366
432.656
434.1983
434.2136
436.0818
436.0896
436.1024
436.1331
436.1445
436.2077
436.2194
436.2869
436.2948
436.8082
436.8169
436.8871
436.9207
436.9513
436.9775
437.03
437.0451
437.1296
439.7158
439.7284
441.9249
441.9327
441.9409
441.95
441.9641
445.1898
445.5032
445.5206
445.5848
445.594
445.6043
445.6322
445.6562
445.7287
445.9595
445.9688
446.0553
446.0881
446.1227
446.212
446.2308
453.8676
454.1844
454.2247
454.2678
454.335
454.3489
454.388
456.2308
456.2415
457.1704
457.8306
457.8457
457.9448
458.4516
458.4604
458.6635
458.9435
460.3316
462.6058
462.6686
462.6848
462.9509
462.965
465.7671
468.303
468.3191
468.5606
468.588
468.9883
469.0015
469.2788
469.3048
469.5889
469.619
469.6294
469.6424
470.2205
470.2692
470.4748
470.4926
470.5214
471.653
471.6627
471.7617
471.7739
471.7928
472.7551
472.7624
472.7724
472.7937
472.8058
472.8231
473.4039
473.4146
473.4601
473.5966
473.6083
473.6531
473.8151
473.8388
474.9878
474.9984
475.0218
475.0805
475.1013
475.1497
475.2541
475.285
475.2989
475.3134
475.3338
475.3781
476.5901
476.6184
476.6608
478.9592
478.971
478.9832
479.0097
480.0315
480.0407
480.0525
480.0852
480.0955
480.2257
480.2337
480.2445
480.2639
480.2749
480.2859
480.4602
480.48
480.5051
480.5174
480.7352
480.7441
480.8293
480.838
480.8754
481.5683
481.5789
481.59
481.7298
481.7608
481.7759
481.9248
481.9408
481.9546
482.3803
482.3888
482.3999
482.4342
483.3633
483.3774
483.4111
483.4363
483.5173
483.5265
483.5375
483.734
484.3084
484.3198
485.8624
486.2589
486.2771
486.2978
486.3214
486.3345
486.367
486.3919
486.4052
486.4429
486.5817
486.7349
486.7654
487.0693
487.1568
487.179
487.3813
488.7079
490.8285
490.8448
490.8682
490.8804
491.2043
491.2151
491.2381
491.2504
491.3603
491.5021
491.5231
493.6677
493.6922
493.7167
494.5944
494.6079
496.3556
496.4268
496.4504
496.8308
496.8412
496.9233
496.9344
499.2604
499.2954
503.2577
503.2682
503.297
503.3072
503.4103
504.0276
504.0807
504.1233
504.6359
504.6633
505.2699
505.279
505.2879
505.3004
505.3129
505.337
506.1058
506.1166
506.1306
507.9823
508.5306
508.5405
508.5578
508.5873
508.6094
508.6285
508.6642
508.7245
508.8058
508.8182
508.8287
508.8438
508.8735
509.0965
509.1066
509.1389
509.1575
509.5981
510.0567
510.2042
510.2173
510.2511
511.1575
511.1664
511.6421
511.6578
511.8253
511.8363
511.8577
512.1947
512.2067
513.5070000000001
513.5267
513.5441
513.654
513.6892
513.6992
513.7366
513.7498000000001
513.7839
513.8346
513.848
514.3551
514.4606
514.4789000000001
514.5143
514.6321
515.0632000000001
515.1415
515.1643
515.3847000000001
515.439
515.5032
516.2195
516.2542
516.2687
516.2722
516.2864
516.3099
516.3638
516.8032000000001
518.09
518.1019
518.5925999999999
518.6038
518.7296
518.8769
518.9545000000001
518.9811999999999
519.0099
520.0572999999999
520.0731000000001
520.087
520.0998
520.1265
520.1632
520.3669
524.293
524.3145
524.3265
524.9759
524.9851
525.0019
526.2212
526.2413
527.8269
527.8397
528.0178
528.0355999999999
530.5070000000001
530.5183
530.5523000000001
530.5829
530.9032
530.9111
530.9309000000001
530.9402
530.9538
530.9897
531.0053
531.0489
531.1152999999999
532.3607
532.3761
532.3885
532.405
532.4237000000001
532.434
533.2613
536.4092000000001
539.9326
540.0482
541.3721
541.3878999999999
541.6074
541.6165
541.6366
544.6462
544.6549
544.6767
544.6952
547.9146000000001
547.9851
551.6128
551.6404
551.7007
553.2297
553.2408
553.2695
553.3504
553.3875
553.4458999999999
553.4603
554.1509
554.1608
554.1743
554.2559
554.9914
555.0014
555.0153
555.0505000000001
555.0822000000001
555.0946
555.5272
555.5367
556.7788
556.7944
556.8257
556.8692
556.9973
557.0155
557.3701
557.4199
558.0018
558.0176
558.058
558.3570999999999
558.3851999999999
558.3973
558.4214999999999
558.4439
558.5654
558.5802
558.6849999999999
559.5393
560.5088000000001
560.7037
561.4202
561.4675
561.4935
561.5076
562.5887
562.5988
562.6134999999999
562.6442
562.682
562.7369
562.769
563.2679000000001
563.2794
563.2991999999999
563.3096
563.3697999999999
563.3848
563.4228000000001
563.4882
563.4997000000001
563.5176
563.5735
563.8422
563.8561999999999
563.8836
563.9037000000001
563.9192
563.9808
564.0594
564.0877
565.4397
565.4538
565.4691
565.4933
565.527
565.8497
565.8688
567.5506
567.563
567.8828
567.9238
567.9358
567.9508000000001
567.9673
567.977
568.0228
568.1058
568.7108000000001
568.7303999999999
568.7402
568.7625
568.7728999999999
568.7936
568.8035
568.9183
568.9282000000001
568.9412
569.6884
569.7048
569.9490000000001
569.9588
570.0011
571.2633000000001
571.2737
571.338
571.3515
571.37
571.3872
571.4379
571.4807000000001
571.4928
571.9706
571.9863
572.0232
572.0531
572.749
573.0172
573.0375
573.0526
573.3920000000001
573.4041999999999
574.7734
574.8706999999999
574.9073000000001
574.9398
574.9702
575.0116
575.6676
575.682
575.6937
577.8514
577.9082000000001
578.0962999999999
578.403
578.8530000000001
579.4131
581.46
582.0395
582.0654999999999
582.697
582.7087
583.0997
583.7380000000001
583.7577
583.7732
584.2072000000001
584.4469
584.4565
584.4857
584.5105
586.2219
586.2354
586.2705000000001
586.2910999999999
586.3351
586.3438
586.3579999999999
586.6415
586.6495
586.6595
586.6698
586.6966
586.7321999999999
586.7452000000001
586.8052
586.8187
587.2188
587.2694
587.2899
589.1735
589.1912
590.4277999999999
590.4445000000001
590.4652
590.4946
592.4576999999999
593.0657
593.0843
593.1133
593.5337
593.5486000000001
593.6324999999999
594.3147
594.4655
594.4782
594.4902999999999
594.5111999999999
594.8219
594.8312000000001
594.9010000000001
594.915
594.9294
595.1904999999999
595.2091
595.249
595.2636
596.7051
598.2774999999999
598.293
598.8534999999999
598.8908
598.9606
599.0955
599.1241
600.395
600.4117
600.453
600.5154
600.5338
600.6401
600.6564
600.6694
600.7985
601.0055
601.0231
601.0348
601.0493
601.0611
601.0755
601.1384
601.2856
601.3093
601.3729
601.3909
601.4288
601.7068
601.7236
601.7448000000001
601.9507
601.9602
602.1867
602.1991
602.226
602.2811
602.3654
602.7505
602.9626
602.9838999999999
603.2066
603.2722
603.2858
603.4206
603.4303
603.4549
603.5291999999999
603.5904
603.6758
603.6917
604.5276
604.5394
604.5593
604.6303
604.7509
604.9001
604.9166
604.9561
605.1222
605.4974
605.6309
606.0204
606.3379
606.4322
606.9043
606.919
607.5984999999999
607.6194
608.2523
608.3423
608.6133
609.2166
609.23
609.7047
609.7143
609.7335
609.7684
609.7904
610.0932
610.1092
614.9761999999999
615.0108
617.607
617.6507
617.662
617.6886
620.7616
620.826
621.9619
622.4177
622.4372
622.4547
622.4798
622.5062
623.251
623.259
623.2706000000001
623.317
623.3389
623.3511999999999
623.5658
623.5788
623.6025
623.7602000000001
624.1385
625.1882000000001
625.1978
625.2548
625.2657
625.8006
625.8126
627.3105
627.3301
629.8777
629.8916
629.9114
629.9269
629.9446
630.6169
630.6344
630.6591
630.6717
630.6952
630.7366
632.3442
632.4379
632.9492
632.9744000000001
633.8108999999999
633.8208
633.8339
633.8541
633.8724999999999
633.9132
634.0416
634.5465
634.921
635.2676
635.2865
635.3766000000001
635.4955
636.9962
637.0421
637.8805
637.8978
638.5064
639.3502999999999
639.3624
639.6846
640.5599999999999
640.5815
641.021
641.0581
642.3257
642.3373
642.386
642.4818
642.5676
642.8017
642.8199
643.1622
643.7227
643.7362000000001
643.8471
643.8591
643.9111
644.8862
644.8979
644.9091
644.9556
644.973
645.7287
645.7409
646.4745
646.5017
646.6075
646.6206
646.6396999999999
646.654
646.6825
647.0707
647.085
647.9256
647.9365
648.5634
648.5768
648.8271999999999
648.8351
648.8472
653.9061
653.9163
653.9331
653.9501
654.0667
654.3518
654.3630000000001
654.3736
654.3755
654.3847
654.4044
654.4139
654.8251
654.8335
654.8438
654.8569
654.8680000000001
654.8979
655.3988000000001
655.4151000000001
655.4458
655.8312
655.8424
655.8592
655.905
656.2221
656.2325
656.2424
656.2612
656.2731
656.2927999999999
656.3053
656.5042
656.5144
656.6429000000001
656.7174
656.7498000000001
656.7592
656.7723
657.0273
657.0463999999999
660.0134
660.3056
660.3234
661.0028
661.0172
661.0417
661.3685
661.3815
661.5132
661.9765
661.986
661.9973
662.0302
662.0397
662.0595
662.6156999999999
662.6319999999999
662.8413
662.8498
662.8607
662.8744
662.8854
662.9068
662.9168
662.9512
662.967
663.4132
663.4241
663.4465
663.4641
664.2818
664.2939
664.5940000000001
664.6126
665.0397
665.1586
665.413
665.4253
666.2234
666.2494
666.2749
667.3379
667.35
667.8525999999999
667.8751
667.8857
667.9054
667.9668
667.9774
668.0071
668.4773
668.495
668.5254
668.6581
668.8574
668.8688
668.9172
668.9309
668.9474
668.9590000000001
668.9935
669.0034000000001
669.0795000000001
669.2069
669.2405
669.2587
669.8358000000001
670.0513
670.0623000000001
670.2803
670.2897
670.3816
670.4291000000001
670.5164
670.745
671.1477
671.1619000000001
671.1878
671.2621
671.5694
671.5821
671.6036
671.7748
671.7864
671.8045999999999
671.8183
672.0998
672.1085
672.1242999999999
672.3311
672.3528
672.3651
672.4064
672.4143
672.4286
672.4820999999999
672.5322
672.5408
672.5616
673.2084
673.2191
673.2379
673.2527
673.2613
673.2743
673.3204000000001
673.3313000000001
673.3842999999999
673.3939
673.4416
674.061
674.0948
674.2827
674.2945999999999
674.3824999999999
674.7995
674.8141000000001
674.825
674.8391
674.8518
674.8642
674.8782
674.9228000000001
674.9574
674.9694
674.99
675.021
675.0372
675.4257
675.5079000000001
675.5814
675.5925
675.9820999999999
675.9965999999999
676.0103
676.0801
676.092
676.1202
676.1342999999999
676.1909000000001
677.4113
677.4221
677.4551
677.4662
678.0236
678.0356
678.0522
678.0952
678.1051
679.3437
679.4465
679.7696
679.8152
680.0852
680.3681
681.2058
681.4275
681.441
681.4775
681.5058
681.53
681.5858000000001
681.6019
681.9413
681.9517
681.9829
682.0028
682.0168
682.0641000000001
682.2492
682.2825
682.3107
682.3355
682.6468
682.6608
685.9618
685.9706
685.9907000000001
687.6771
687.6898
687.7092
687.7259
688.5142
688.5533
688.8269
688.8631
689.7954999999999
689.8317
689.8552
690.3547
690.3649
690.5191
690.5316
690.5729
690.7406
690.8489
691.6360999999999
691.6567
691.6677999999999
691.7183
691.7628999999999
691.971
692.4849
692.4951
692.5071
692.631
692.6596
692.7226000000001
693.4962
693.5110999999999
694.479
697.5584
697.5697
697.6299
697.7027
699.1567
699.1661
699.1793
699.2993
699.3376
699.3458000000001
699.3731
699.3968
699.4141999999999
699.4313
699.9467999999999
701.5204
702.4252
702.4379
702.5011
703.008
703.0212
703.0684
703.7957
703.8059
703.8416
703.8546
704.0807
704.2598
704.2777
706.8471
706.881
706.9874
707.0005
707.0372
707.0508
709.1174
709.1303
709.4519
709.4657999999999
709.4775
709.4902
716.0602
716.116
716.1748
716.1842
716.2229
727.4909
729.3332
729.3570999999999
729.4349999999999
730.0251000000001
730.04
730.5782
731.8568
731.8679999999999
731.9421
731.9684999999999
732.0006
732.0707
732.6069
732.6281
732.6623999999999
732.8687
732.8797
732.8924
732.91
732.9523
733.5491
733.5597
733.6007
733.6466
733.6658
733.7089
733.7336
733.7509
734.1493
734.1605
734.1733
734.5466
734.5613
735.4256
735.4396
735.4730999999999
735.4838999999999
735.5059
735.5771999999999
735.598
738.3627
741.4666
741.4872
742.8366
742.8506
746.0222
746.0379
746.4306
746.6795
746.8341
746.8545
746.8715999999999
746.8868
747.1398
747.1544
747.1728000000001
747.2155
747.2529
747.352
747.5078
748.139
748.1482
748.3368
748.3688
748.3804
748.4044
748.5052000000001
748.5958000000001
748.6197999999999
748.6846
748.7128
748.8158
748.8701
748.8847000000001
748.9295
749.0717
749.0835999999999
749.0949000000001
749.1084
749.1268
749.3613
749.3905
749.4234
749.4502
749.5638
749.6248000000001
749.6539
749.7206
749.7382
749.7829
749.8038
749.8268
750.0442
750.0626
750.0934999999999
750.1179
750.1484
750.3949
750.4501
750.7019
750.7163
750.7518
750.8048
750.8414
751.0321
751.0412
751.0594
751.0743
751.0919
751.1166000000001
751.4274
751.6242
751.6348
751.6492000000001
751.6838
751.6994999999999
752.369
752.5405000000001
752.5653
754.7213
754.737
754.7905000000001
754.8131
756.8613
756.8871
757.0407
757.1075
758.2732
758.282
758.3054
758.328
759.467
759.5774
760.0234
760.7903
761.4775999999999
762.5382999999999
762.5554
762.6170999999999
762.7326
762.7934
762.8415
763.0572
763.2853
763.3746
763.4173000000001
763.4391000000001
763.9635000000001
764.2486
764.2572
764.2696
764.2834
764.3038
764.3957
764.4146000000001
764.4585999999999
764.4737
765.203
765.2416000000001
766.2408
766.2684
766.4229
766.4434
766.4875999999999
766.5153
767.1638
767.2926
767.3582
767.3778
767.6043
767.6178
767.6385
768.0355999999999
768.058
768.2090000000001
768.2349
768.2962
768.3124
768.333
768.3515
768.8264
769.5578
771.8484
771.8656
772.0545999999999
772.928
772.9397
772.9543
772.9691
773.3442
773.3534
773.374
776.498
776.5074
776.524
776.5476
776.5901
778.0146999999999
778.0255999999999
778.8238
778.8395
778.9102
778.982
779.1528000000001
779.9355
779.9375
779.9757
780.0663999999999
780.2259
780.2963
780.3322000000001
780.4321
780.4775
780.5597
780.5722000000001
780.6169
780.6296
780.6804999999999
780.6945000000001
780.7722
780.9552
780.9695
780.9797
780.9969
781.0257
781.0444
781.3161
781.3244999999999
781.3382
781.3826
781.4107
781.5191
781.8033
782.0879
782.0973
782.1242
782.3359
782.3498
782.3957
782.5477
782.5959
782.6843
783.0184
783.0384
783.1418
783.1709
783.3942999999999
783.6279999999999
783.645
783.6848
785.2341
785.4174
785.4367
785.4647
785.4866
785.5234
785.5942
785.7943
785.8036999999999
785.8163
785.8287
785.8389
785.8579
786.0273999999999
786.143
786.155
786.1755000000001
786.1931999999999
786.2112999999999
786.2505
786.4666999999999
786.4769
786.5034000000001
786.5128999999999
786.5264
786.752
786.7614
786.7908
787.0101
787.0195
787.0346
787.0492
787.061
787.0777
787.3418
787.6936000000001
787.7029
787.7257
787.7823
787.797
787.8647
787.8742999999999
787.8842999999999
788.0213
788.0326
788.0525
788.0724
788.1011
788.4022
788.4128000000001
788.4418000000001
788.4733
788.5136
789.4853000000001
792.9192
793.1303
793.1712
793.2949
793.3133
793.3402
793.3612000000001
793.6521
793.7067999999999
794.0778
794.0907
794.3267
794.3414
794.3634
794.452
794.4694
794.5671
794.5898
794.6043
794.6374000000001
795.1562
795.2038
795.2142
795.222
795.5162
795.5262
795.684
795.6963000000001
796.0715
796.0958000000001
796.4793999999999
796.4886
796.5006
796.5162
796.8917
796.9010000000001
796.9116
796.9255000000001
797.027
797.0405000000001
797.0521
797.0721
797.5851
797.6007999999999
797.6315999999999
797.649
798.1285
798.1405
798.1536
798.1645
798.1822
798.2028
798.2247
798.2782999999999
798.9284
799.1192
799.1369
799.1908
799.4132
799.4662
799.7320999999999
799.7438
799.9744000000001
799.9856
799.9981
800.3102
800.4425
800.4508
800.4661
800.5146999999999
800.5469000000001
800.5585
800.5762
800.6323
800.9197
800.9301
800.9491
800.989
801.0425
801.0514000000001
801.0658
801.1201
801.1308
801.1460999999999
801.1983
801.2384999999999
801.3085
801.3179
801.3395
801.4915
801.5344
801.78
802.0078
802.018
802.0289
802.0463999999999
802.0642
802.2302999999999
802.2447
802.3618
802.3727
802.6258
803.127
803.1405
803.4245
803.4433
803.4726000000001
804.991
805.0086
805.7367
805.7487
805.9663
805.9755
806.0299
806.0565
806.264
806.3751
806.3972
806.4521
806.5598
806.6365000000001
807.813
808.995
811.0205
811.0894000000001
811.3581
811.3996
811.4422
811.7447
811.7603
811.7833000000001
811.8161
812.0360000000001
812.1906
812.2626
812.2805
812.7585
812.7689
812.8045
812.8519
812.865
813.0128
813.0234
813.0554
813.0787
813.1288
813.4127
813.4218
813.4383
813.472
813.8637
813.8737
813.8889
814.1833
815.139
815.1713
815.8799
815.9517
816.2809999999999
816.3063999999999
816.7081000000001
816.7234
817.1774
817.1894
817.2026
817.2216
817.2341
817.2657
817.2831
817.2974
817.3439
817.3992000000001
817.4322999999999
817.9154
817.924
817.9446
817.9698
818.2341
818.2458
818.277
818.5110999999999
818.5245
819.3604
819.369
819.3827
819.4238
820.3486
820.3656
820.3761
820.3859
820.3959
820.4098
820.4213999999999
820.6233
820.6945000000001
820.7225
821.9886
822.0001999999999
822.2701999999999
822.2823
827.3198
830.3081
830.3198
831.2486
831.2644
831.6614999999999
831.6709
831.7796
832.3103
832.3188
832.3312
832.388
833.6596999999999
833.6867
833.6976
833.7922
833.8292
842.9479
842.9585
845.1775
846.1756
846.9135
846.9237000000001
846.9415
847.2027
847.2151
847.234
847.2698
847.3101
847.4174
847.5047
847.7545
847.7698
847.8267
847.9492
848.0971999999999
848.1077
848.1512
848.323
848.3911000000001
848.6421
848.6587
849.0062
849.0155
849.0774
849.1093
849.1337
849.1681
849.1864
849.3241
849.3434999999999
849.3601
849.4737
849.4934000000001
851.6423
851.6817
851.7101
851.7297
851.896
853.2571
853.2737999999999
853.3071
853.6821
853.7698
854.3768
854.3987999999999
854.429
854.8699
856.0001
856.0127
856.7366
856.749
857.0458
857.0726999999999
858.9828
858.9931
859.4530999999999
859.4692
859.6306
859.6432
861.7743
861.8093
862.0155
862.0303
862.0808999999999
862.0932
862.8522
863.1967
863.206
863.2193
863.4382000000001
863.4477999999999
863.4824
863.5082
863.5406
863.5996
866.5807
866.6299
867.2402
867.2596
867.2742000000001
867.2852
867.307
869.8494000000001
869.8958
870.1616
871.0765
871.0869
872.4253
872.4366
872.4477999999999
872.4690000000001
874.3687
874.3923
874.4109000000001
874.442
875.2782
875.323
876.7743
876.7872
876.7975
876.8274
876.8429
876.8849
876.9202
876.933
877.364
877.7257999999999
877.7351
877.7456999999999
877.8498999999999
877.8615
877.8706
877.8806999999999
877.8915999999999
877.9213999999999
877.9412
877.9485
877.9643
878.6178
878.6306
878.6469
878.6888
878.7135000000001
878.7284999999999
881.2219
881.2378
881.2610999999999
881.3571999999999
881.3806
881.3946000000001
881.4116
881.7181
881.7326
882.1165
882.1272
882.1441
884.4033999999999
884.4304999999999
884.5949000000001
884.6062999999999
884.6218
884.6727000000001
884.6931999999999
884.7076
885.2257
885.2354
885.2498000000001
885.2633000000001
885.2773999999999
885.3157
888.4309000000001
888.4461
888.4708000000001
888.5028
888.5589
888.6483000000001
888.8505
889.0685
889.0819
889.2348
889.2725
889.3403000000001
890.8095000000001
890.8287
890.8632
896.2813
898.2487
898.2703
898.4427000000001
898.8715999999999
898.9017
898.9419
899.4643
899.4747
899.4835
899.4931
899.5169000000001
899.6646000000001
900.0141
901.8623
901.885
901.9104
902.9254
904.0104
904.0201
904.0393
904.0925999999999
904.117
904.1704
904.2663
904.2773
904.3285
904.8442
906.7189
906.728
906.7391
906.7651
906.8004
906.8171
906.8679
906.9089
906.9515
906.9713
907.0590999999999
907.0638
907.0756
907.0922
907.1872
907.1975
907.2126
907.2265
907.3106
907.3255
907.4032999999999
907.4126
907.4486000000001
907.466
907.5042
907.744
907.9099
907.9434
907.9595
907.9968
908.1099
908.1349
908.7395
908.756
908.8321
908.9888999999999
908.9992
909.0085
909.022
909.0362
909.1975
909.2052
909.2188
909.2323
909.2453
909.2739
909.3081999999999
909.3248
909.4032999999999
909.4277
909.4635
909.4772
909.7355
910.1069
910.1152
910.3502
910.3591
910.3706
910.7423
910.7614
910.8454
910.8583
910.8706
910.8908
910.9194
910.9498
910.9905
911.0068
911.0595
911.0741
911.0913
911.1282
911.5442
911.5551
911.5847
911.6172
911.653
911.7753
911.7956
911.8866
912.1989
912.2173
912.2704
912.2956
912.3643
913.0412
913.0714
913.0878
913.1087
913.1273
913.1414
913.1739
913.2926
913.3054
913.33
914.414
914.4256
914.4874
914.5454
914.6172
914.6775
914.6962
914.8156
914.8805
914.908
915.1167
915.128
915.3154
916.2746
916.2836
916.3121
916.6007
916.6130000000001
916.9601
916.9702
916.9885
917.0334
917.0959
917.131
917.2266
917.2616
917.2941
917.4059999999999
917.7179
917.7886
917.8521
918.0198
918.0315000000001
918.3150000000001
918.3472
918.3685
918.3813
918.3913
918.4234
918.8142
918.9492
918.9702
919.3967
919.4105
920.1255
920.1365
924.4054
924.4221
924.4731
924.4911
924.524
925.5103
925.5199
925.5323
925.5431
925.568
932.6929
932.7062
932.8674999999999
932.879
932.8957
934.221
934.2309
934.254
934.9104
934.9191
934.9352
934.9481
934.9662
935.3859
935.4012
935.4237000000001
935.4451
935.4634
935.5185
935.5465
935.5925
935.6079999999999
936.0779
936.1011
936.3832
936.3912
936.4019
936.4297
936.4466
936.5054
936.5776
936.6088999999999
936.7095
936.7219
936.7504
936.8024
936.8333
937.0291999999999
937.0979
937.125
937.2504
937.2722
937.3066
937.3461
937.4501
937.7338
937.7721
937.8121
937.8352
937.8508
937.876
937.8893
937.9666
937.9784999999999
937.9973
938.0113
938.0479
938.3213
938.3889
938.6677999999999
939.1413
939.1614
939.2061
939.232
939.3137
939.6297
939.6416
939.7083
939.7257
940.0488
940.0756
940.1376
940.1534
940.1801
940.6729
940.8337
940.8418
940.8528
940.8943
941.1845
941.5625
941.5769
941.5886
941.6165999999999
941.8168000000001
941.8363000000001
941.8491
941.9146
942.1239
942.6156999999999
942.7642
942.8814
943.1654
943.1921
943.4912
943.5029
943.9556
944.2415999999999
944.7061
944.7358
944.7632
944.8482
944.8704
945.0925999999999
945.3982999999999
945.4092000000001
945.5039
945.5346
945.5841
945.6269
945.917
945.9405
946.1655
946.1772
946.2238
946.2398000000001
946.2738000000001
946.6646
946.6749
947.2645
947.2825
947.8299
947.8483
947.8638
947.899
947.9387
947.9583
947.9734
948.0149
948.3219
948.9071
948.9183
948.9626
949.2219
949.2319
949.2537
949.277
949.5502
949.6093
949.8935
949.9179
949.9471
950.0678
950.0845
950.1334000000001
950.139
950.573
950.5888
951.3324
951.5874
951.5971
951.6248000000001
951.6512
951.6657
951.6794
951.7193
951.7426
952.153
952.1609
952.1707
952.1813
952.2134
952.2384
952.337
952.8684
952.8786
952.9012
952.9179
953.3125
953.3217
953.3347
953.3495
953.3647
953.401
953.4164
953.7306
953.7423
953.8099
954.9745
955.9973
956.4754
956.4897
956.5347
956.7208000000001
956.7313
956.7575000000001
956.7686
956.8223
956.9392
957.6893
957.7006
957.7153
957.7382
957.7587
957.792
957.8763
958.5445
958.5586
959.3551
959.4037
959.5451
960.6947
960.7143
961.9615
961.9761
962.8326
962.8502999999999
963.6222
963.655
964.0532000000001
964.4091
964.4512
966.4115
966.4263
966.4512999999999
966.9909
967.0074999999999
967.6349
967.6484
967.6802
967.6963
967.7121999999999
967.7299
967.765
975.7154
976.2224
976.5581
976.6274
976.7822
976.9102
977.2453
978.4674
978.4765
978.514
981.3877
981.4112
981.6251
981.6453
981.6582
981.6902
982.4222
982.4295999999999
982.4404
982.4607
982.5542
982.5682
982.5794
982.8253999999999
982.8357
983.2689
983.5696
983.5892
983.6184
983.6341
983.6667
983.6828
983.6955
984.4364
984.4503
984.8966
985.0972
985.1085
985.1181
985.1368
985.1555
985.2488
985.2592999999999
985.3758
985.4096
985.4186
985.4285
985.9432
986.0078
986.0425
986.059
986.2655
986.3074
986.322
986.3756
986.3881
986.5262
986.5366
986.6129
986.7086
986.7192
986.7951
986.8043
986.8141000000001
986.8275
986.8465
986.8570999999999
988.2443
988.2655999999999
988.3079
988.3178
988.3296
988.3721
988.3987
988.5652
988.5897
988.7803
988.7927
990.4553
990.4648999999999
990.4772
990.494
990.5482
990.7254
990.7357
990.7576
991.3307
991.3591
991.377
991.3882
991.404
992.1145
992.1267
992.1449
992.1773000000001
992.9589
992.972
992.9888
993.3451
993.393
993.6187
993.6301
993.6466
993.6677
993.7168
994.1505999999999
994.1659
994.2411
994.2775
994.6394
994.6684
994.7092
994.7317
994.7521
998.3905
998.414
999.1277
999.5008
999.5211
999.5611
999.7054000000001
999.7198
1001.2777
1001.2994
1001.418
1001.4301
1001.4542
1001.8012
1001.8119
1001.8491
1003.5118
1003.5221
1003.5427
1003.831
1003.8437
1003.9914
1004.0096
1004.0243
1004.0627
1004.0765
1004.0983
1004.148
1004.2725
1004.7339
1005.0283
1005.0685
1005.7962
1005.8163
1005.9157
1005.9302
1006.0399
1006.1963
1006.5997
1006.618
1006.9582
1006.9685
1006.9794
1006.9928
1007.0456
1007.1054
1007.1195
1007.6536
1007.6718
1007.7608
1007.7708
1007.781
1007.7938
1008.3565
1008.5418
1008.5647
1010.7256
1010.7788
1010.9011
1011.7073
1011.7263
1013.7705
1013.8988
1014.234
1015.1104
1015.139
1015.1598
1015.5779
1015.61
1015.6357
1015.6632
1018.2389
1018.2603
1018.8235
1018.8399
1018.8641
1018.898
1018.9504
1018.9626
1019.0029
1020.0866
1020.612
1020.7772
1020.7953
1021.0986
1022.0658
1022.5224
1022.6026
1023.64
1023.6793
1023.7129
1024.4027
1024.4138
1024.4384
1024.4766
1024.7848
1024.7923
1024.8097
1024.8228
1024.8411
1024.8649
1024.9099
1025.1913
1025.2014
1025.4799
1025.5434
1026.0385
1026.5635
1026.5805
1029.6547
1029.7703
1031.8803
1031.9027
1031.9419
1032.0479
1032.067
1032.5796
1032.589
1032.6124
1032.6294
1033.2645
1033.2761
1033.3162
1034.085
1034.708
1036.9197
1037.0817
1037.6072
1038.6442
1038.6614
1038.6774
1041.6548
1045.0153
1045.0286
1045.1566
1045.1709
1045.8628
1045.9868
1046.2151
1046.4551
1046.7295
1046.7489
1046.7907
1048.6997
1048.7158
1049.2401
1049.2592
1049.3736
1050.7674
1050.7776
1055.2207
1055.2389
1055.2868
1055.3134
1055.8762
1055.8869
1055.923
1055.9712
1058.8873
1058.961
1059.5774
1059.5879
1059.6495
1059.669
1059.7366
1059.7548
1059.8177
1060.5261
1060.5376
1060.5513
1060.5701
1060.5882
1060.602
1062.0064
1062.014
1062.0281
1062.1075
1062.1221
1062.223
1062.2386
1062.263
1062.2776
1062.5922
1062.6015
1062.6092
1062.6194
1062.6448
1062.6584
1062.6733
1062.6896
1062.7348
1062.7929
1062.807
1063.174
1063.1824
1063.1928
1063.3577
1063.3784
1063.3911
1063.4154
1063.446
1063.4714
1064.0368
1064.0503
1064.0642
1064.0713
1064.0986
1064.1373
1064.1768
1064.2285
1064.2807
1064.2934
1064.2949
1064.3074
1064.3633
1064.5614
1064.5972
1064.6236
1064.6643
1064.6935
1064.721
1064.7598
1064.8917
1065.3634
1065.3738
1065.3961
1066.8451
1066.8559
1066.9223
1066.9458
1067.0116
1067.8542
1067.8651
1067.8769
1067.8922
1068.0641
1068.0764
1068.1054
1068.1149
1068.131
1068.1618
1068.2391
1068.2561
1068.5847
1068.6047
1068.6206
1068.6833
1068.6924
1068.709
1068.7366
1068.7478
1068.7709
1068.7978
1068.8111
1068.8441
1068.8972
1068.9918
1069.0172
1069.0405
1069.0587
1069.0797
1069.2036
1069.2383
1069.2503
1069.2641
1069.2874
1069.3157
1069.3484
1069.3747
1069.4161
1069.7304
1069.7993
1069.8787
1070.024
1070.0605
1070.6058
1070.8041
1070.8122
1070.8211
1070.8573
1070.8706
1070.9294
1070.9684
1071.1021
1071.2247
1071.2382
1071.264
1071.5717
1072.175
1072.19
1072.5455
1072.5867
1073.0937
1073.6468
1073.667
1075.9697
1075.9846
1075.9975
1076.1765
1076.1876
1076.1993
1076.2958
1076.3086
1076.3327
1076.3461
1076.5284
1077.0676
1077.1121
1077.2177
1077.2302
1077.3434
1077.3641
1077.7194
1077.8963
1077.9082
1077.9298
1077.9916
1079.176
1079.1901
1079.3966
1079.4088
1079.4192
1079.4578
1079.4849
1079.7479
1079.7575
1079.7748
1079.7891
1079.8013
1079.8207
1079.8534
1079.8742
1079.8865
1079.9026
1079.931
1081.3695
1081.3826
1081.9212
1081.9548
1082.0793
1082.9111
1082.9609
1083.1722
1083.1971
1083.2206
1083.7518
1083.7884
1083.8238
1083.8599
1083.9269
1083.9504
1084.0084
1084.0213
1084.0969
1084.3971
1084.457
1085.6123
1085.8376
1086.3505
1086.5309
1086.5814
1086.6223
1086.6438
1086.9699
1087.0115
1087.5227
1087.5536
1087.5973
1087.7946
1087.807
1087.8327
1087.84
1087.9213
1087.9839
1088.2631
1088.2774
1088.2967
1088.5383
1088.5473
1088.5619
1089.167
1089.1845
1089.1992
1089.6901
1089.7042
1089.8626
1089.921
1090.197
1090.2152
1090.237
1090.2521
1090.2985
1090.4718
1090.4985
1090.5256
1090.5438
1090.5755
1090.7346
1091.5913
1091.6278
1091.6415
1091.6944
1091.8645
1091.9088
1091.9219
1092.1037
1092.1149
1092.1494
1092.4437
1092.4527
1092.4673
1092.496
1092.6521
1092.6611
1092.6868
1092.9449
1093.241
1093.2487
1093.2603
1093.2763
1093.4978
1093.5066
1093.5213
1093.5315
1093.5425
1093.6133
1093.6251
1093.6577
1093.6784
1093.6915
1094.1741
1094.1951
1094.2131
1094.2592
1094.4004
1094.4121
1094.4306
1094.4608
1094.4728
1094.6042
1094.6206
1094.831
1094.8511
1095.0332
1095.3739
1096.0315
1096.0631
1096.4051
1096.9165
1097.0054
1097.0805
1098.7665
1098.786
1100.0554
1100.7069
1100.7201
1102.3244
1102.3449
1102.3941
1102.4189
1102.4813
1103.051
1105.3248
1105.6551
1105.6706
1105.692
1105.948
1106.5537
1106.5841
1106.9587
1107.022
1107.3689
1107.5801
1107.6109
1107.8907
1107.9344
1108.4251
1108.4357
1109.0272
1115.0085
1115.0194
1115.4314
1115.4487
1115.6312
1115.6403
1115.6495
1115.6631
1115.6875
1115.7031
1115.7443
1115.7764
1115.8774
1115.9025
1116.4225
1116.8464
1117.2993
1117.3509
1117.3905
1118.9666
1120.3591
1123.6728
1123.6826
1123.6963
1123.88
1123.8896
1123.8999
1125.7003
1125.7098
1125.7397
1125.9413
1125.9504
1125.9609
1125.975
1125.9893
1126.2265
1126.2364
1126.2516
1126.2663
1126.6306
1126.6515
1126.8772
1126.8887
1126.8994
1126.9186
1126.9326
1126.9452
1126.9891
1127.0152
1127.0279
1129.8391
1130.4676
1130.5019
1131.2942
1131.3057
1131.3931
1133.9736
1134.0507
1134.0705
1134.3799
1134.3912
1134.4226
1134.508
1134.5235
1135.1831
1135.2492
1136.4074
1136.4541
1140.8668
1140.9267
1141.0964
1141.1307
1141.1741
1142.0153
1142.0466
1142.7718
1142.7868
1148.4034
1149.5795
1149.5923
1149.8678
1154.4629
1157.0478
1157.0686
1157.0871
1157.1884
1157.2229
1157.2545
1157.2722
1157.2854
1157.4723
1157.742
1157.7514
1157.8453
1157.8579
1157.8848
1157.8971
1158.722
1158.7382
1158.8006
1158.8168
1159.0056
1159.0207
1159.2553
1159.2763
1159.506
1159.5209
1159.5676
1159.8088
1160.4206
1160.5363
1160.5457
1160.5666
1160.5899
1160.6068
1160.6322
1161.7844
1161.7962
1161.8215
1161.8465
1161.9007
1161.9476
1162.0413
1162.0517
1162.2649
1162.2745
1162.2879
1162.3069
1162.3558
1162.378
1162.3982
1162.4158
1162.4844
1162.7284
1162.7376
1162.7611
1162.7956
1163.0909
1163.1011
1163.1117
1163.1294
1163.2918
1163.358
1163.3713
1163.4154
1163.4321
1163.4505
1163.4651
1163.4809
1164.1642
1164.3409
1164.3774
1164.8972
1164.9096
1164.923
1164.9629
1165.1416
1165.1497
1165.1595
1165.1719
1165.2005
1165.2105
1165.2279
1165.2508
1167.5994
1168.2618
1168.2718
1168.2885
1169.2771
1169.2925
1169.321
1169.3874
1169.4014
1169.4138
1169.4366
1169.7529
1169.7696
1169.7842
1172.4691
1173.0446
1173.0632
1173.0843
1173.0968
1173.1116
1173.1311
1173.1813
1173.1985
1175.2577
1175.2718
1175.8764
1175.8886
1175.9236
1175.9386
1176.3344
1176.4522
1176.4684
1176.4969
1176.5391
1178.1492
1178.2725
1178.3079
1179.4518
1179.528
1180.9298
1180.9483
1180.9697
1180.9942
1181.0097
1181.1343
1181.7943
1181.8875
1181.9229
1181.9356
1181.9653
1182.1988
1182.219
1182.2628
1182.2743
1182.2967
1182.5488
1182.562
1182.5747
1182.5864
1182.5987
1182.6147
1182.6675
1182.6768
1182.7769
1182.8062
1183.1786
1183.1987
1183.2281
1183.2384
1183.2547
1183.3121
1183.3223
1183.3884
1183.3978
1183.5504
1183.5646
1183.5784
1183.6122
1183.6421
1183.6714
1184.0265
1184.0346
1184.0645
1184.0746
1184.1016
1184.1202
1184.1351
1184.1588
1184.1956
1184.2273
1184.6159
1184.6814
1186.5264
1189.1373
1189.6132
1190.1237
1190.2589
1190.535
1190.5508
1190.601
1190.781
1190.8578
1195.3168
1195.3291
1196.4338
1196.4501
1196.4709
1196.5205
1196.558
1196.6378
1196.6607
1196.6788
1196.701
1196.8723
1196.8997
1196.9147
1197.215
1197.2341
1197.5865
1197.6138
1197.7369
1197.7501
1197.8281
1197.9419
1197.9523
1197.9811
1197.9935
1198.0095
1198.0467
1198.0658
1198.0881
1198.1423
1201.3951
1201.4213
1201.4599
1202.6777
1202.7052
1203.7404
1203.7638
1203.7792
1204.0641
1205.2679
1205.2847
1206.1576
1206.1691
1206.8206
1206.8488
1206.945
1206.9605
1207.1318
1207.1747
1207.2782
1207.2982
1207.3933
1207.6357
1209.5802
1209.6036
1210.1191
1210.1316
1210.1504
1210.6463
1210.7104
1210.7639
1210.8
1210.82
1210.9491
1211.4803
1212.0668
1212.0809
1214.1666
1215.042
1215.0783
1215.1008
1215.1328
1215.1823
1216.4777
1216.7438
1216.7899
1216.8323
1217.0634
1217.3145
1217.4061
1217.4426
1218.4979
1218.802
1218.8264
1218.8427
1218.858
1218.8636
1218.9335
1219.5828
1219.5918
1219.6048
1219.6262
1219.7977
1219.8105
1219.8265
1219.8758
1219.9211
1220.1049
1220.1463
1220.1811
1220.1958
1220.5464
1220.6075
1220.6212
1220.669
1220.7462
1220.8978
1220.9096
1220.9244
1220.9718
1221.0277
1221.082
1221.1119
1221.3838
1221.4115
1221.4545
1221.4734
1221.7372
1222.1929
1222.2053
1223.7057
1223.7295
1224.3651
1224.3876
1225.4076
1230.4511
1230.4599
1230.4724
1230.5512
1241.2656
1243.0592
1243.7098
1243.7722
1243.8004
1243.8155
1243.8318
1243.8549
1246.6976
1254.8917
1254.9045
1254.9537
1260.6374
1260.6458
1260.6602
1260.7008
1260.7278
1261.9341
1261.9442
1261.9647
1261.9806
1266.1453
1266.1626
1266.2879
1266.3084
1266.3392
1266.3487
1268.4139
1268.4295
1268.4631
1268.5435
1268.5634
1270.729
1270.7614
1272.7426
1281.4494
1281.4637
1284.0251
1284.0446
1284.1728
1284.1915
1284.2336
1284.6842
1284.9284
1284.9407
1284.9839
1285.018
1285.0651
1285.1672
1285.7116
1285.7226
1285.7452
1286.4316
1286.4683
1286.5135
1287.4634
1287.5051
1287.5784
1288.0426
1288.0581
1288.0943
1288.2901
1288.3025
1288.3585
1289.8382
1290.6518
1294.2606
1294.2701
1294.333
1294.3803
1294.9795
1294.9999
1295.0588
1295.3021
1295.3571
1295.9246
1295.9781
1295.9937
1296.0288
1297.0344
1297.0781
1297.1295
1297.4993
1297.5205
1297.5612
1297.9126
1297.926
1297.9401
1298.2424
1300.1833
1302.2725
1308.5208
1308.5388
1310.4311
1310.7671
1310.7856
1310.811
1310.9749
1311.0207
1311.043
1317.5257
1317.5626
1317.8206
1317.8591
1317.962
1318.0087
1318.0206
1322.7941
1322.8208
1326.8302
1326.8519
1328.3134
1328.3248
1328.359
1329.4547
1330.7024
1330.7151
1330.7402
1331.254
1331.2666
1331.3012
1331.3875
1331.4166
1331.4466
1331.4713
1331.9658
1331.9818
1332.0202
1332.0636
1332.4124
1332.4226
1332.4401
1332.454
1332.4779
1332.5936
1332.6527
1333.0276
1333.0815
1333.095
1333.1227
1333.151
1333.1725
1333.201
1333.233
1333.2522
1333.2826
1333.3023
1333.3872
1333.4012
1333.5585
1333.6475
1333.8809
1333.9187
1333.9437
1333.966
1334.1839
1334.2205
1334.3299
1334.6494
1334.6574
1334.6799
1334.8098
1334.8879
1334.8994
1334.9296
1334.956
1335.2904
1335.3796
1335.3954
1335.7551
1335.7718
1335.7863
1335.8005
1335.8283
1335.8447
1335.891
1335.906
1336.181
1336.3098
1336.5553
1336.9671
1336.9876
1337.2129
1337.2298
1337.3806
1337.3925
1337.4094
1337.4492
1337.452
1338.0321
1338.0475
1338.5532
1338.5644
1338.8667
1338.8772
1338.8997
1338.9345
1339.2976
1339.8919
1339.9077
1340.1635
1340.1855
1340.2907
1340.4824
1340.532
1340.8141
1340.8837
1340.9376
1341.074
1341.1047
1341.4563
1342.8049
1343.0458
1343.0609
1343.0901
1343.1356
1343.1546
1343.719
1343.7399
1343.7577
1343.9069
1344.007
1344.0502
1344.4081
1344.4201
1344.4942
1344.5119
1344.7098
1344.7228
1344.737
1344.7619
1344.9364
1344.9489
1345.1039
1345.1376
1345.1984
1345.2136
1345.2249
1345.3522
1345.3738
1345.3862
1345.4028
1345.4285
1345.4737
1345.8055
1346.1345
1346.1463
1346.6438
1346.6522
1346.6624
1346.6864
1346.8953
1346.9173
1346.9274
1346.9553
1346.9657
1346.9767
1347.0177
1347.0298
1347.0807
1347.1072
1347.3932
1347.4106
1348.4686
1348.4898
1348.5018
1348.5258
1348.5435
1349.7239
1349.7968
1349.8746
1349.9478
1350.0104
1350.4028
1350.4157
1350.486
1350.5035
1351.0514
1351.0874
1351.1699
1351.194
1351.5901
1351.6028
1351.6317
1351.6712
1352.8474
1352.9311
1353.7632
1353.7775
1353.8397
1353.9851
1354.002
1354.0212
1354.04
1354.0606
1355.7077
1355.7302
1356.3852
1356.9732
1357.0324
1357.0418
1357.1316
1357.1417
1357.5485
1357.7377
1357.7475
1358.2214
1358.2317
1358.2631
1358.2794
1358.3325
1358.5979
1358.6092
1358.6399
1358.6554
1358.6751
1358.6859
1358.8099
1358.8215
1358.8333
1358.8483
1358.8673
1358.9091
1358.9351
1359.2788
1359.2931
1359.3047
1359.3189
1359.347
1359.3629
1359.3866
1359.6143
1360.6938
1360.704
1360.8008
1360.8461
1363.0067
1364.5491
1364.5971
1367.3483
1367.3582
1367.3826
1367.4395
1367.4607
1367.645
1367.8941
1367.9344
1368.2799
1368.2948
1368.4309
1368.442
1368.4588
1368.4744
1368.488
1368.506
1368.7979
1368.8096
1368.8352
1368.9483
1369.0501
1369.0665
1369.1148
1369.3717
1369.7724
1369.8824
1369.9077
1370.2461
1370.2938
1370.4037
1370.9417
1370.9669
1370.9817
1371.0183
1371.0727
1371.5472
1371.5645
1371.5876
1371.607
1371.6283
1372.2746
1372.2849
1372.306
1372.3312
1372.6249
1372.657
1372.6813
1372.7673
1373.5589
1373.5819
1373.7353
1373.7528
1374.2983
1374.3094
1374.3492
1374.4914
1374.6588
1375.008
1375.1937
1375.2039
1375.2313
1375.2746
1375.289
1375.3168
1375.3583
1375.3721
1375.3867
1375.503
1375.5158
1375.5595
1375.6724
1375.9419
1376.1808
1376.4319
1376.9364
1376.948
1376.9784
1377.3459
1377.3616
1377.3892
1377.4005
1377.5785
1377.612
1377.6347
1378.2575
1378.2693
1378.2946
1378.3053
1379.4591
1379.4694
1379.5717
1379.5855
1379.8356
1379.8511
1379.8694
1381.2598
1381.3977
1382.3696
1382.4749
1382.6892
1383.0758
1383.103
1383.2563
1383.7917
1384.4093
1385.0198
1385.0303
1385.0493
1385.0642
1385.7513
1385.9183
1385.9274
1385.9433
1385.9594
1386.0024
1386.9685
1386.9825
1387.0423
1387.0515
1387.1202
1387.1988
1387.5111
1387.5219
1387.769
1387.778
1387.8069
1387.8228
1387.842
1387.8542
1387.9019
1388.2418
1388.6236
1388.6356
1389.2352
1389.7161
1389.735
1389.7741
1390.8285
1390.849
1390.8805
1391.0679
1391.6512
1391.7397
1391.7777
1392.2356
1392.8583
1392.8672
1392.89
1394.238
1394.2491
1394.3142
1394.5455
1394.785
1394.8008
1395.1626
1395.1764
1395.2001
1395.2214
1395.2508
1395.7378
1395.7552
1395.9328
1396.5306
1396.5404
1396.5547
1397.1259
1397.1345
1398.2678
1398.2929
1398.767
1398.7794
1398.789
1398.8024
1398.8223
1398.8695
1399.2072
1399.2155
1399.231
1399.3469
1399.3598
1399.3724
1399.3873
1399.4013
1399.694
1399.706
1400.374
1400.3883
1400.4
1400.4228
1400.4362
1401.1775
1401.2069
1401.2886
1402.6914
1402.7096
1402.7322
1402.784
1402.7955
1402.8346
1402.8713
1402.892
1402.9656
1403.1235
1403.5459
1403.5822
1403.6309
1403.6648
1403.7071
1403.7298
1403.7494
1403.7769
1403.9225
1403.9342
1404.8838
1404.9556
1404.9728
1404.9833
1405.1867
1405.5446
1405.6647
1405.8923
1405.9252
1406.3144
1406.742
1406.7509
1407.279
1407.3058
1407.507
1409.2687
1409.2809
1409.314
1409.3472
1409.3944
1409.4063
1409.4582
1413.7431
1413.7675
1413.8645
1413.8739
1414.0494
1414.5131
1414.5275
1414.5546
1414.5759
1414.6649
1414.6833
1416.569
1416.5853
1416.6683
1417.541
1417.5802
1417.5959
1417.6219
1417.6985
1417.7571
1417.7676
1417.7818
1417.8339
1417.8645
1417.8825
1417.9191
1418.2016
1418.219
1418.2603
1419.0185
1419.0275
1419.2158
1419.2344
1419.248
1420.1357
1420.1736
1420.7698
1420.7826
1420.9357
1420.9496
1421.3855
1421.9287
1421.9381
1421.9565
1422.0162
1422.5072
1422.5253
1422.6048
1422.6173
1422.6408
1422.8824
1422.8913
1424.9789
1424.9914
1425.0196
1425.3281
1425.3441
1425.3587
1425.372
1425.726
1425.7544
1425.7665
1425.7954
1425.9817
1426.5043
1426.5229
1426.5413
1426.5717
1426.5839
1426.5883
1426.6962
1427.1899
1427.2259
1427.6348
1427.6444
1427.6634
1427.9553
1428.0955
1428.9588
1428.9723
1430.7333
1430.7489
1430.7767
1431.1695
1431.1848
1431.202
1432.6292
1432.6484
1432.6947
1432.859
1432.8743
1432.9417
1433.8746
1434.2686
1434.7609
1434.7951
1434.8072
1434.8881
1434.8994
1435.2415
1435.2514
1435.2797
1435.6916
1435.7128
1436.0879
1436.0995
1436.3261
1437.8456
1437.8561
1437.8737
1438.3147
1438.3305
1438.3668
1438.4122
1438.4962
1438.5155
1438.5542
1438.7074
1438.7699
1438.8137
1438.9765
1438.9873
1438.9989
1439.0192
1439.0519
1439.0839
1439.2611
1439.3263
1440.3805
1440.393
1440.8691
1440.9194
1440.9432
1441.0062
1441.1343
1441.1544
1441.2466
1441.4468
1441.4882
1441.5355
1442.3545
1442.3669
1442.4124
1442.4417
1442.4557
1442.5769
1442.5877
1442.6116
1442.6259
1442.6533
1442.9721
1442.9843
1442.9956
1443.6922
1444.014
1444.3825
1444.393
1444.4669
1447.0648
1447.1485
1447.2256
1447.2636
1447.3937
1447.5116
1447.5504
1447.5991
1447.618
1447.7659
1447.7919
1447.8543
1448.1426
1448.3543
1448.3913
1448.4074
1448.7565
1448.7746
1449.7557
1449.7767
1449.7997
1449.8219
1450.16
1450.1791
1450.2921
1450.3231
1450.3753
1450.4503
1450.668
1450.7139
1450.7386
1450.7539
1450.9156
1451.447
1451.4676
1452.315
1452.3282
1452.3496
1452.4103
1452.4246
1452.4553
1452.4696
1452.4736
1452.4986
1452.9889
1453.0227
1453.0354
1453.0867
1453.0999
1453.2583
1453.2788
1453.2889
1453.3063
1453.3299
1453.8689
1453.8819
1454.3458
1454.3593
1454.3813
1454.8474
1454.8557
1454.8673
1454.882
1454.8963
1454.9246
1454.9444
1454.9551
1455.0301
1455.0402
1455.1322
1455.1556
1455.172
1455.2174
1455.2543
1455.2653
1455.2968
1455.352
1455.3959
1455.4171
1455.4786
1455.5848
1455.6299
1456.0571
1456.0762
1456.1289
1456.1669
1456.3979
1457.1605
1457.1729
1457.5202
1457.5293
1457.9452
1457.9619
1458.3179
1458.3346
1458.4384
1458.4703
1458.8413
1458.871
1459.9751
1459.9845
1461.3211
1462.3537
1463.2453
1463.816
1466.0975
1466.1187
1466.1903
1466.9048
1467.8627
1467.9274
1467.9764
1468.511
1468.5256
1472.9114
1473.0318
1473.2328
1473.3129
1473.6924
1473.7009
1473.9229
1473.9348
1473.9474
1473.9905
1474.1319
1474.5449
1474.5595
1474.5754
1474.5971
1474.6084
1475.3013
1475.3126
1475.3311
1475.4064
1477.7365
1478.6962
1478.7064
1478.7498
1480.3965
1480.4072
1481.171
1482.193
1482.2065
1482.2635
1482.284
1482.3576
1482.4649
1482.5099
1482.5371
1483.1156
1483.1308
1483.1788
1484.2839
1484.2988
1484.3144
1484.4008
1484.417
1484.4268
1484.4402
1484.7257
1484.7654
1486.0328
1486.0458
1486.0859
1486.1822
1486.1931
1486.2382
1486.2772
1486.3161
1486.6137
1486.6405
1486.7481
1486.7825
1486.7944
1487.0479
1487.0571
1487.0684
1487.1078
1487.6669
1488.2296
1488.241
1488.2558
1488.2748
1488.3322
1488.385
1488.4203
1488.5616
1489.0802
1489.0951
1489.7322
1489.7433
1491.8114
1491.8263
1491.8486
1491.9915
1492.0013
1492.0209
1492.0693
1492.597
1492.6061
1492.6236
1492.6592
1492.9313
1492.9413
1492.9898
1493.5445
1493.5555
1493.5905
1493.6294
1493.7102
1493.7343
1497.3504
1497.363
1497.3984
1497.8894
1497.9006
1497.9852
1499.0394
1499.7712
1499.7843
1499.8093
1499.8584
1499.8787
1500.3175
1500.3299
1500.346
1500.3571
1500.382
1500.3994
1500.7893
1500.8007
1500.8269
1500.8838
1500.9641
1500.9823
1501.0062
1501.7962
1501.8159
1501.8468
1502.1255
1502.1535
1502.7502
1502.7621
1503.2498
1505.0468
1505.0633
1506.3392
1506.3662
1506.5235
1507.0478
1507.0772
1507.0959
1507.8802
1507.9334
1507.967
1508.0276
1508.0539
1508.2645
1508.2764
1508.2915
1508.3109
1508.3503
1508.3784
1508.4346
1509.481
1509.4913
1509.5054
1509.5252
1509.5409
1509.7093
1509.8399
1509.8484
1509.8602
1509.8855
1509.9025
1509.9254
1509.9623
1510.2986
1510.3071
1510.3211
1510.3324
1510.3544
1510.3868
1510.4015
1510.512
1510.5247
1510.6078
1510.6216
1510.7591
1510.9093
1510.9192
1510.9623
1510.9892
1511.1429
1511.159
1511.1818
1511.2117
1511.2333
1511.5412
1511.5592
1511.6021
1512.4534
1512.7684
1512.9388
1514.2836
1515.1939
1515.2198
1515.2969
1516.049
1516.0887
1516.2193
1516.2356
1516.3183
1516.3361
1516.7782
1516.7951
1516.812
1516.8242
1517.854
1517.867
1517.8897
1517.9255
1517.9387
1518.796
1518.8225
1520.3311
1520.3557
1520.374
1520.396
1522.9282
1525.0649
1525.0743
1525.2697
1525.2838
1525.465
1525.9084
1525.9296
1526.2283
1526.945
1526.9749
1527.1315
1527.1443
1527.4101
1527.4245
1527.5915
1527.6019
1527.6386
1527.6651
1527.6786
1527.9704
1528.6843
1529.3265
1529.3393
1530.6734
1530.6835
1530.7931
1530.8538
1531.1181
1531.1545
1533.4667
1533.502
1536.1325
1536.4998
1536.5189
1536.5354
1536.7393
1537.4376
1537.9092
1537.9279
1537.9747
1539.0633
1539.0833
1539.2991
1539.3945
1541.4132
1541.6703
1541.6861
1541.7039
1542.1768
1542.3287
1542.5944
1542.6661
1543.185
1543.1976
1543.2101
1543.3037
1543.3235
1543.7822
1543.7938
1543.8107
1543.9257
1543.9351
1543.9508
1544.2752
1544.3065
1544.9203
1544.9351
1545.0662
1545.1438
1545.2655
1545.2818
1545.3272
1546.0266
1546.0403
1546.0516
1546.0623
1546.8862
1547.2791
1547.81
1547.8194
1547.8329
1551.1868
1551.8794
1552.1813
1556.6136
1556.6307
1558.3327
1558.3446
1558.4816
1559.3241
1559.3599
1559.9868
1561.1237
1561.1354
1563.1906
1563.2136
1564.2434
1564.2644
1564.2996
1565.2618
1565.2768
1565.291
1566.1977
1566.3028
1566.4826
1566.4999
1566.5774
1567.0561
1567.0665
1567.1574
1567.1682
1567.5022
1567.5261
1567.5441
1568.0933
1570.3217
1570.3377
1570.379
1570.4028
1570.4148
1570.4302
1570.4477
1570.7604
1570.7696
1570.7828
1570.8088
1570.8285
1570.8419
1570.9946
1571.5428
1571.5526
1571.5656
1571.5816
1571.7629
1571.7785
1571.8018
1571.8131
1571.8309
1571.8861
1572.0444
1572.0746
1572.0868
1572.7025
1573.1081
1573.3902
1573.4038
1574.341
1574.3519
1574.9773
1575.0267
1575.1165
1575.1473
1575.2022
1575.4125
1575.4274
1575.4617
1575.8329
1575.842
1575.8661
1575.8764
1575.8969
1577.0766
1577.5063
1578.3232
1578.336
1578.3589
1579.4356
1579.4495
1580.0265
1580.7024
1583.98
1583.9924
1584.0185
1584.0613
1584.087
1584.1843
1584.204
1585.0274
1585.0417
1585.0528
1585.0725
1585.1119
1586.6142
1586.6285
1586.6684
1586.7168
1586.9923
1587.008
1587.04
1587.1083
1587.1877
1587.3226
1587.9782
1588.015
1588.0513
1588.1159
1588.4829
1588.4962
1588.5426
1588.5746
1588.6053
1588.6163
1588.6326
1588.69
1589.0458
1591.2542
1591.5615
1591.7761
1592.6998
1592.7177
1592.7468
1592.7647
1594.7559
1594.7685
1594.8254
1595.055
1595.0934
1595.5646
1595.5743
1595.585
1595.6016
1596.9186
1596.9293
1596.9402
1596.9507
1597.02
1597.0555
1599.0541
1606.8168
1607.2261
1607.2554
1608.3152
1608.3244
1608.3356
1608.355
1612.4936
1612.5221
1612.6918
1612.7073
1612.778
1612.7933
1613.5056
1615.0241
1615.0629
1615.8037
1615.8131
1616.764
1617.6349
1617.6443
1617.6596
1617.6835
1617.7026
1617.7358
1618.8731
1618.8817
1618.9261
1618.9391
1618.9572
1619.1686
1619.1779
1619.3832
1619.4052
1619.4196
1619.4328
1619.8861
1619.9222
1619.9668
1620.5658
1620.5779
1620.5896
1620.622
1620.6602
1620.672
1620.8407
1624.5442
1624.5602
1625.2292
1625.6667
1625.6812
1625.8644
1626.2409
1626.2566
1626.397
1626.429
1626.6874
1626.7033
1626.8049
1627.9997
1628.0382
1628.0986
1628.2466
1628.2896
1628.4199
1628.4433
1628.4602
1629.0489
1629.061
1629.2985
1629.315
1630.0499
1630.0613
1630.0791
1630.1684
1630.1785
1630.1928
1630.265
1630.3038
1630.4979
1630.5089
1631.3404
1631.3601
1631.6058
1631.6194
1631.6379
1631.7242
1631.7388
1631.7802
1631.7971
1632.0051
1632.02
1632.0681
1632.2801
1632.2915
1632.3121
1632.3498
1633.3977
1633.4732
1633.4905
1633.6472
1633.6587
1633.7012
1633.7178
1633.7787
1633.7936
1633.9287
1633.947
1633.9791
1634.0091
1634.032
1634.0456
1634.0595
1634.0982
1634.1363
1634.1785
1634.2729
1634.3559
1634.3726
1634.3861
1634.3988
1634.4106
1634.4245
1634.4441
1634.4948
1634.6344
1634.6683
1634.678
1634.7205
1634.7344
1634.9201
1634.9465
1635.2227
1635.2434
1635.2656
1635.2934
1635.3636
1635.3837
1635.4137
1635.4747
1635.6329
1635.8344
1635.8714
1635.9021
1636.3795
1636.6397
1636.861
1636.89
1636.9743
1637.4338
1637.4471
1637.5302
1637.6436
1637.8138
1638.2022
1638.2201
1638.4717
1638.5239
1638.5934
1638.6403
1638.7773
1640.6541
1640.6733
1640.8021
1641.1978
1641.2132
1641.2818
1642.8802
1643.046
1643.1444
1643.1581
1644.1972
1644.5533
1644.568
1644.7149
1644.8049
1645.1077
1645.1211
1645.1405
1645.8335
1645.8475
1647.2191
1647.243
1647.9149
1647.9283
1647.9764
1648.0136
1648.0436
1648.0687
1648.3433
1648.3543
1648.393
1649.1852
1649.2015
1649.3184
1649.9524
1649.9956
1650.3899
1650.4376
1650.4934
1650.5119
1650.5362
1650.6204
1650.9583
1655.1263
1655.1899
1655.2108
1655.2418
1655.4975
1655.51
1655.53
1655.8374
1655.8509
1656.114
1656.131
1656.1613
1656.1806
1656.202
1657.3925
1657.403
1657.4241
1657.4358
1657.4493
1657.4623
1657.5151
1657.899
1658.2452
1658.2589
1659.1881
1659.252
1659.2905
1659.6123
1660.0509
1660.4465
1660.5652
1660.5844
1660.6135
1660.6373
1660.6532
1660.9046
1660.9329
1660.9537
1660.9837
1662.105
1662.1174
1662.172
1662.1862
1664.0511
1664.0674
1664.1077
1664.2165
1665.0703
1665.1599
1666.2009
1666.2109
1666.3792
1666.389
1666.4394
1666.4508
1666.6352
1666.6477
1669.8158
1669.8594
1669.9048
1669.9517
1671.7347
1671.7706
1671.797
1672.9277
1672.9699
1672.9796
1672.9987
1673.0863
1673.0965
1673.3601
1673.3688
1673.3826
1673.4613
1674.208
1674.2338
1674.2525
1674.4459
1674.4566
1674.4686
1674.4793
1674.513
1674.8693
1674.8783
1674.9014
1674.9389
1674.9572
1675.1714
1675.1968
1675.2152
1675.376
1675.6054
1675.6163
1675.8957
1675.9216
1675.9493
1680.7401
1681.901
1683.3748
1683.3949
1683.423
1683.4464
1684.6049
1684.6269
1684.7543
1684.8491
1686.8656
1686.8907
1686.9054
1686.9463
1687.4198
1687.4473
1687.4859
1687.6236
1687.6335
1689.4639
1689.547
1689.8435
1689.8557
1690.1632
1690.1791
1690.2036
1690.2903
1690.3076
1690.3271
1690.3613
1690.4363
1690.6366
1690.6615
1690.6883
1691.177
1691.2018
1691.5072
1691.5179
1691.5357
1691.5534
1691.5647
1691.5844
1692.2079
1692.2334
1692.2577
1692.2826
1692.3791
1692.4021
1692.431
1692.445
1692.4651
1692.4997
1692.5753
1693.7524
1693.7647
1693.7956
1694.0731
1694.0815
1694.0907
1694.1405
1694.1587
1694.1768
1694.1876
1694.2103
1694.2282
1694.266
1694.3629
1694.3751
1694.3906
1694.4575
1694.5883
1694.81
1694.819
1694.8326
1694.8597
1694.8702
1694.8843
1694.9049
1694.9851
1695.0322
1695.144
1695.158
1695.5423
1695.5616
1695.5926
1696.0822
1696.2972
1696.8829
1696.9053
1696.9364
1697.4982
1697.5085
1697.5363
1697.9401
1701.0208
1701.039
1701.0651
1701.3568
1701.3896
1702.3947
1702.4072
1703.0396
1703.0545
1703.0793
1703.4167
1705.0496
1705.0599
1705.6646
1707.1605
1707.1828
1707.1932
1707.5098
1707.5256
1707.8399
1707.8495
1709.6036
1709.6172
1710.5891
1710.6243
1710.8819
1711.209
1711.23
1711.3312
1711.3873
1711.5815
1711.6063
1711.7542
1711.7647
1712.3645
1712.3792
1712.3898
1712.4179
1712.5008
1712.7965
1713.0454
1713.0829
1713.575
1713.6005
1714.1396
1714.302
1714.3274
1714.4716
1714.9852
1714.9963
1715.2418
1717.4345
1717.5676
1717.5781
1717.664
1718.0142
1718.0667
1718.0902
1718.1099
1718.1555
1718.8412
1718.8601
1718.8741
1719.4032
1719.4113
1719.4211
1719.439
1719.4502
1719.4617
1719.4755
1719.5124
1719.6894
1719.7029
1719.7371
1719.7809
1720.0252
1720.0338
1720.057
1720.0686
1720.1132
1720.1334
1720.3338
1720.3654
1720.6645
1720.6859
1720.7179
1721.1846
1721.1972
1721.2146
1721.2291
1721.2589
1721.3184
1721.471
1721.4842
1721.8504
1721.8649
1722.6884
1723.5303
1723.5403
1723.8195
1724.0637
1725.5897
1725.6239
1728.1858
1728.2546
1728.3151
1728.6387
1728.6665
1731.9852
1732.0351
1732.2276
1732.2683
1733.6347
1733.6477
1733.6691
1733.6837
1733.7072
1734.1253
1734.1363
1734.1504
1734.5025
1734.5448
1734.5959
1734.6142
1735.2207
1735.2384
1735.4778
1735.7652
1735.7792
1735.8513
1737.8605
1737.8757
1738.9799
1739.012
1739.0537
1739.2518
1739.2754
1741.0081
1741.0395
1742.3839
1742.4008
1742.5046
1742.5327
1743.2742
1743.2905
1745.0279
1745.0373
1745.0485
1745.0631
1745.1729
1745.8428
1745.8571
1745.9026
1745.9253
1745.9464
1746.6243
1746.8834
1746.9624
1747.0192
1747.4561
1747.4675
1747.4925
1747.5162
1747.5365
1747.6616
1747.7054
1747.7174
1747.7346
1747.7524
1747.7877
1747.8639
1747.879
1748.1067
1748.1267
1748.1452
1748.1996
1748.2141
1748.3443
1748.3706
1748.4953
1748.512
1748.5804
1748.6019
1748.6132
1748.7433
1748.9243
1749.257
1749.2755
1749.4245
1749.9909
1750.131
1750.1525
1750.6941
1750.7078
1750.7535
1750.7752
1750.7988
1750.8269
1751.0448
1751.2653
1751.2766
1751.2979
1751.3502
1751.3788
1751.3915
1751.4552
1751.469
1751.4984
1751.5116
1751.9963
1752.0129
1752.1194
1752.5803
1752.6067
1752.6261
1752.6869
1752.7068
1752.8157
1752.8286
1752.8463
1752.8694
1753.0968
1753.2421
1753.2619
1753.2748
1753.3172
1753.5098
1753.5236
1753.5643
1753.5931
1753.9473
1754.2977
1754.7486
1754.7811
1755.3258
1755.6744
1755.6907
1755.7095
1755.7257
1755.9508
1755.9594
1756.8886
1756.9316
1757.4364
1757.4996
1758.0035
1758.014
1758.0371
1758.0921
1758.1208
1758.2301
1758.2474
1760.3377
1760.3506
1760.8494
1760.8614
1760.9139
1760.9365
1760.9543
1760.9824
1761.0134
1762.1812
1762.2403
1762.2594
1763.161
1763.172
1763.1874
1763.2033
1763.941
1763.9949
1764.4103
1764.4799
1764.5155
1764.7484
1764.7709
1764.7823
1765.549
1765.5605
1765.7772
1765.801
1766.3032
1766.3276
1766.8349
1766.8465
1766.9438
1766.9559
1767.2961
1767.3072
1767.6539
1767.6656
1767.7738
1767.8139
1768.408
1768.4157
1768.426
1768.4414
1768.4634
1768.7182
1770.0651
1770.0788
1772.0797
1773.4293
1773.4404
1777.9433
1777.9511
1777.9745
1778.9353
1779.7646
1782.9663
1783.119
1783.1336
1783.1538
1783.334
1783.3451
1783.3576
1783.377
1783.6249
1783.6372
1785.4775
1785.5104
1785.7887
1786.1956
1786.5573
1786.5709
1786.9932
1787.0061
1787.5489
1787.5584
1787.5952
1787.6154
1787.6376
1787.6601
1787.6888
1787.8732
1787.9852
1788.0375
1788.0669
1788.1008
1788.1468
1788.1665
1788.183
1788.3217
1788.3834
1788.4199
1788.4481
1788.4698
1788.4992
1788.5284
1788.8699
1788.8816
1788.9399
1788.9671
1788.9975
1789.1443
1789.3469
1789.9153
1789.9302
1789.9737
1790.049
1790.067
1790.0757
1790.3792
1790.3903
1790.401
1790.4353
1790.7618
1790.7845
1790.7859
1791.1014
1791.1166
1791.1303
1791.1539
1791.2333
1791.9648
1791.9745
1791.9899
1792.0043
1792.0276
1792.0373
1792.0511
1792.0691
1792.0913
1792.5423
1793.0987
1793.9685
1794.0052
1794.0434
1794.0669
1794.7207
1794.967
1795.0327
1795.0958
1795.1386
1795.191
1795.2232
1795.2518
1796.3743
1796.4621
1797.0564
1800.2686
1800.2844
1808.237
1809.2671
1809.5048
1809.5994
1809.6735
1809.6889
1809.7136
1810.2558
1810.3668
1810.634
1810.9425
1810.9574
1810.9755
1811.1809
1811.2092
1815.0299
1815.0459
1817.7177
1817.7267
1818.196
1818.2355
1818.2937
1818.342
1818.5752
1820.225
1820.2505
1820.2727
1820.2849
1820.3264
1820.3436
1820.3653
1820.3799
1820.4106
1820.5671
1820.5991
1820.6134
1820.6395
1821.3322
1821.342
1822.7705
1823.0223
1823.0992
1823.9166
1825.1523
1825.167
1825.6891
1825.7306
1828.6336
1828.7182
1828.7342
1828.8419
1830.7787
1830.7899
1831.0678
1831.1079
1834.2098
1834.2488
1835.2559
1835.303
1835.615
1835.94
1836.0492
1836.342
1837.7487
1842.822
1842.839
1843.1172
1843.1345
1843.1667
1843.1807
1843.1945
1843.2514
1844.0635
1844.0789
1844.0889
1844.124
1844.6629
1844.6843
1845.1652
1845.1861
1845.2034
1845.2619
1845.2728
1846.2486
1846.4502
1846.5564
1847.0184
1847.0404
1847.3685
1847.3891
1847.632
1847.6417
1847.6537
1847.6733
1848.4595
1848.4755
1849.6468
1850.3991
1850.4119
1850.8992
1851.6212
1851.64
1851.6628
1851.7163
1851.7295
1851.7582
1851.7744
1854.0099
1854.0324
1854.3075
1854.3274
1854.3619
1854.7606
1855.2295
1855.2437
1855.26
1855.341
1856.7558
1856.8192
1856.8785
1856.9345
1857.0535
1857.0675
1857.1107
1858.0927
1859.1867
1859.2306
1859.2445
1859.9107
1859.9435
1859.995
1860.0106
1860.0247
1860.248
1860.2644
1860.3496
1860.7984
1860.8157
1860.971
1862.1927
1862.2041
1862.2229
1862.2409
1862.2695
1862.2849
1862.6222
1862.6304
1862.6437
1862.8206
1862.8411
1862.9402
1863.3504
1863.358
1863.3707
1863.3947
1864.0369
1864.0466
1864.0608
1864.088
1864.7945
1864.8224
1865.3346
1865.3503
1865.4263
1865.4456
1865.6807
1865.6948
1866.6756
1866.7202
1866.7502
1867.157
1867.1753
1867.3803
1867.393
1868.0404
1868.0512
1873.0128
1873.0228
1873.0368
1873.1487
1874.1889
1874.2105
1877.9966
1878.0444
1878.0821
1878.1433
1878.1564
1878.4256
1878.4626
1878.485
1878.5659
1878.6982
1878.7528
1879.346
1879.3612
1879.5745
1879.6127
1879.8477
1879.8672
1880.1807
1880.3388
1880.3962
1880.6473
1880.6978
1880.8108
1880.9704
1880.9899
1881.0067
1881.053
1881.4951
1881.5192
1881.7856
1882.5293
1882.5444
1882.6918
1882.703
1883.1938
1883.2037
1883.2159
1883.2468
1883.2773
1883.2993
1883.3198
1883.536
1883.5489
1883.5609
1883.5725
1883.5988
1883.6218
1883.6443
1883.6643
1883.6758
1884.043
1884.8234
1884.8379
1885.5603
1885.6058
1890.728
1890.7425
1890.759
1890.7876
1890.8203
1890.8692
1891.0403
1891.0599
1891.0955
1891.1132
1891.5733
1891.5884
1891.6135
1892.3134
1892.3502
1894.5826
1894.6082
1894.6369
1894.7168
1894.7949
1894.8254
1894.935
1894.9545
1895.4349
1895.6166
1895.6298
1895.7157
1895.7307
1896.709
1896.7223
1896.7961
1898.6199
1898.6335
1900.6593
1900.6826
1900.9145
1901.9593
1902.0478
1902.0676
1902.138
1902.1472
1902.1581
1902.1827
1902.2115
1902.252
1902.3507
1902.4269
1902.4874
1902.6115
1902.6496
1902.719
1902.7305
1902.7734
1902.7864
1903.0443
1903.0559
1903.1475
1903.1572
1903.3568
1903.596
1905.805
1905.8148
1905.826
1905.8416
1906.6475
1906.663
1906.6771
1907.0052
1907.0161
1907.0441
1909.0089
1909.3378
1909.351
1909.3714
1909.4007
1909.4125
1909.4269
1909.4608
1909.7788
1909.7884
1909.8101
1909.8395
1909.8586
1909.8951
1910.1568
1910.2785
1910.7895
1910.7993
1910.8298
1911.076
1911.5389
1911.5518
1911.5716
1912.064
1912.0794
1912.1045
1912.1691
1912.1825
1912.2079
1912.2583
1912.3066
1913.7111
1914.3819
1914.3912
1914.4387
1914.4898
1914.5203
1914.5452
1914.5657
1917.0405
1917.1313
1917.241
1917.2535
1917.2701
1917.2841
1917.3312
1917.5028
1917.6499
1917.7488
1917.7953
1917.9937
1919.5742
1919.5886
1919.6095
1919.8632
1919.887
1920.0665
1920.0769
1920.0925
1920.1024
1920.117
1920.1275
1920.1392
1920.1498
1920.1606
1920.175
1920.3132
1920.5716
1920.5868
1920.5949
1920.6187
1920.634
1920.651
1920.6636
1920.7915
1920.8023
1920.8123
1920.8243
1920.8409
1920.8724
1920.8932
1920.9083
1921.0961
1921.1059
1921.1205
1921.1494
1921.1712
1921.2212
1921.441
1921.466
1921.4853
1921.8142
1921.8544
1921.868
1922.0144
1922.0343
1922.0593
1922.184
1922.4066
1922.7861
1922.7985
1922.8148
1922.8385
1922.8614
1923.4443
1923.5171
1923.7647
1923.7827
1924.1477
1924.1585
1924.1819
1924.2849
1924.6499
1926.149
1926.4445
1926.4565
1926.4722
1926.4853
1926.4981
1927.0566
1927.082
1927.6088
1927.6204
1927.6418
1928.1503
1928.1613
1928.1932
1928.4539
1928.4645
1928.4872
1928.6346
1928.6451
1928.6599
1928.6737
1928.6975
1928.7247
1928.7386
1928.7587
1928.7769
1929.4265
1929.436
1929.4544
1930.3788
1933.4848
1933.4975
1933.6499
1933.6844
1933.7009
1934.1559
1934.304
1938.3422
1940.3988
1949.6014
1949.7151
1949.7367
1949.7696
1950.985
1950.9964
1951.0091
1951.0234
1951.0449
1951.5906
1951.6118
1951.8844
1951.8977
1951.9102
1951.9272
1952.0666
1953.3228
1953.3378
1953.7952
1953.8183
1953.8652
1953.879
1953.896
1953.9448
1953.9588
1954.249
1954.2583
1954.2686
1954.3606
1954.3783
1954.4074
1954.4976
1954.5086
1954.6147
1954.6294
1955.0493
1955.0633
1955.0846
1955.0971
1955.2409
1955.2656
1955.2864
1955.8513
1956.2714
1956.3149
1956.6988
1956.7945
1956.8141
1956.8683
1956.8855
1956.9175
1957.0548
1957.1668
1957.5236
1957.674
1957.6997
1957.7143
1957.744
1957.7535
1957.7676
1957.7979
1957.8792
1957.9441
1958.7914
1958.8233
1958.8412
1958.8725
1958.9059
1958.9485
1958.9642
1958.979
1959.0405
1959.1718
1959.2182
1959.2676
1960.4658
1960.4956
1960.733
1960.7539
1961.7119
1963.4637
1963.4731
1963.7838
1963.821
1963.8804
1963.8986
1963.9297
1963.9857
1964.0573
1964.1069
1964.1202
1964.8335
1964.8605
1964.8905
1966.1029
1966.1516
1971.4015
1971.4383
1972.0938
1972.133
1972.2407
1972.2991
1972.784
1972.9324
1972.9425
1974.7988
1974.8127
1974.8262
1974.889
1976.0902
1976.6306
1976.6556
1981.6817
1981.6975
1982.015
1982.0244
1982.0353
1982.0507
1982.6391
1982.6502
1982.6713
1984.3597
1984.3687
1984.4487
1984.77
1984.7793
1984.7992
1984.8639
1984.8857
1985.6149
1985.6291
1985.7001
1985.8397
1985.8498
1985.8894
1986.0388
1986.054
1986.3355
1986.4202
1986.4293
1986.443
1986.4757
1988.9831
1988.9909
1989.0028
1989.0241
1989.1005
1989.2531
1989.2637
1989.2797
1990.4234
1990.4371
1992.0864
1992.0969
1992.1126
1992.2811
1996.5647
1996.5799
1996.6601
1999.3089
2000.5905
2000.6001
2000.6127
2000.6912
2000.7777
2000.7921
2000.8077
2000.8192
2001.3876
2001.3995
2001.4103
2001.4399
2002.6759
2002.6969
2003.2055
2003.3866
2003.4136
2004.3604
2004.3719
2004.3927
2004.4732
2004.4859
2004.5119
2004.6632
2004.7494
2005.1092
2005.1308
2005.1552
2005.2996
2005.4347
2005.4441
2005.4623
2005.4884
2005.7058
2005.746
2005.8248
2005.8522
2005.8865
2005.9287
2006.9354
2006.9479
2006.9572
2006.975
2007.0172
2007.6323
2007.6553
2007.6863
2007.7342
2007.7593
2008.223
2008.25
2012.6207
2012.6337
2012.6638
2012.6792
2012.7147
2014.4608
2014.4733
2014.4845
2014.5237
2014.5548
2014.5777
2014.6537
2014.663
2014.6862
2014.7579
2014.773
2014.8687
2014.9544
2014.9863
2015.0061
2015.0481
2015.2615
2015.2704
2015.2837
2015.311
2015.3244
2015.3476
2015.3613
2015.7326
2015.7486
2015.9096
2015.9201
2015.9387
2015.9523
2015.9636
2015.9748
2015.9884
2016.0086
2016.1258
2016.1375
2016.2011
2016.2134
2016.2253
2016.23
2016.2695
2016.5988
2016.6141
2016.6277
2016.6722
2016.6974
2016.7113
2016.7878
2016.8013
2016.8124
2016.8232
2016.8339
2016.8493
2016.8942
2016.9197
2016.9365
2016.9472
2016.962
2017.173
2017.1847
2017.201
2017.2187
2017.2636
2017.5339
2017.5472
2017.5664
2017.6619
2017.9684
2018.0641
2018.0719
2018.0976
2018.11
2018.5642
2018.5818
2019.0941
2019.1047
2019.2034
2019.212
2019.2266
2019.2444
2019.2554
2019.4465
2019.4546
2019.4645
2019.4754
2019.4891
2019.5017
2019.5146
2019.5401
2019.5901
2019.6064
2019.6344
2019.6528
2019.6809
2019.7544
2019.7729
2020.1809
2020.1947
2020.2147
2020.3115
2020.3984
2020.4075
2020.4349
2020.4524
2020.4636
2020.4877
2021.5545
2022.6985
2022.7116
2026.3916
2028.6743
2030.7376
2030.7627
2037.2029
2037.2122
2037.2406
2037.2728
2037.316
2037.3286
2037.375
2037.385
2037.6104
2038.4413
2038.4795
2039.3616
2039.374
2039.4156
2039.4476
2039.4674
2039.4938
2039.5094
2039.5194
2039.7831
2039.7921
2039.8086
2039.8238
2039.8393
2039.8704
2039.8936
2039.9354
2040.2315
2040.2841
2040.6397
2040.6504
2040.6752
2040.6901
2040.7123
2040.732
2041.8327
2042.2541
2042.2666
2042.2928
2042.3083
2042.324
2044.0861
2044.6779
2044.6893
2044.7001
2044.7331
2045.083
2045.0983
2045.5498
2045.5738
2047.0701
2047.107
2047.1664
2047.71
2047.7207
2051.5926
2051.6063
2051.6755
2051.6871
2051.9609
2051.991
2052.6995
2052.7228
2052.741
2052.7537
2052.7688
2052.7815
2052.9985
2053.0162
2053.0304
2053.0805
2053.2247
2053.2551
2053.2641
2053.2877
2053.2988
2053.3094
2053.3316
2053.346
2053.3896
2053.4033
2053.4322
2053.4474
2053.4607
2053.4811
2053.8691
2053.8785
2053.9061
2053.9308
2053.9455
2053.9714
2054.1154
2054.1307
2054.3785
2054.3917
2054.4368
2054.663
2054.8869
2054.9041
2054.9462
2054.9589
2055.0342
2055.9558
2055.9851
2056.0466
2056.0805
2056.4931
2056.505
2056.5582
2056.5695
2056.817
2056.8394
2056.8546
2056.8873
2056.9104
2056.9268
2056.9615
2056.984
2057.0366
2057.1587
2057.1786
2057.2499
2057.9095
2057.9185
2057.9318
2057.9713
2057.9922
2058.2267
2058.2365
2058.2559
2058.2671
2058.2938
2058.4515
2058.4598
2058.481
2058.4944
2058.5172
2058.5424
2058.7696
2058.7845
2058.859
2059.0019
2059.048
2059.0858
2059.0976
2059.2547
2059.267
2059.2873
2059.3406
2059.4696
2059.4792
2059.4954
2059.5203
2059.828
2059.8388
2060.5486
2060.5579
2060.6038
2060.6139
2060.6315
2060.641
2060.7298
2060.7457
2060.7612
2060.7733
2060.7961
2060.822
2060.9568
2061.7759
2061.7921
2062.2874
2062.313
2062.5993
2062.8625
2062.876
2063.5522
2063.5606
2063.7009
2063.7226
2063.7346
2063.8165
2063.8586
2063.971
2063.9872
2063.9892
2064.0383
2064.0615
2064.672
2064.6965
2064.7514
2065.3378
2065.3657
2065.4094
2065.4187
2065.4362
2066.3251
2066.8337
2068.4198
2068.4936
2069.7387
2069.8441
2069.877
2069.8893
2069.9134
2070.1231
2070.1961
2070.2133
2070.2644
2070.2848
2070.603
2070.6293
2070.6604
2070.6998
2070.7193
2070.8561
2070.9107
2070.9209
2071.4143
2071.5108
2071.5345
2071.5955
2071.6127
2071.6351
2071.8438
2071.9084
2073.8038
2073.8163
2073.882
2074.4398
2074.4521
2074.467
2074.4842
2075.1585
2075.1693
2075.2192
2075.2918
2075.3248
2075.3384
2075.3638
2075.3859
2075.4041
2075.9217
2076.1191
2076.1328
2076.1438
2076.1618
2076.4347
2076.4419
2076.4507
2076.4611
2076.4721
2076.4822
2076.4952
2076.5136
2076.538
2076.5519
2076.5684
2076.7622
2076.791
2076.8301
2077.2408
2077.356
2077.3656
2077.3777
2077.3934
2077.403
2077.4162
2077.6221
2077.6336
2077.6948
2077.9192
2077.9343
2078.2665
2078.2811
2078.3135
2078.373
2078.9432
2078.9549
2078.9812
2078.9929
2079.0291
2079.0935
2079.1056
2079.1963
2079.5229
2079.565
2079.8098
2080.0541
2080.5114
2080.5487
2081.5558
2081.5723
2081.6575
2081.6887
2081.7393
2081.7569
2082.012
2082.021
2082.0483
2082.5611
2082.5844
2082.7053
2082.7178
2082.7309
2082.7573
2082.7771
2083.0104
2083.0187
2083.0284
2083.0428
2083.056
2083.072
2083.1845
2083.2233
2083.4318
2083.4424
2083.4687
2083.4947
2083.6473
2083.6576
2083.6709
2083.6835
2083.6947
2083.7143
2084.323
2084.3356
2084.3568
2084.3767
2084.3934
2084.4204
2084.4516
2084.4655
2084.4862
2084.5268
2084.6683
2084.6813
2084.6995
2084.723
2084.7443
2084.7937
2084.852
2084.8959
2085.1645
2085.1793
2085.4634
2085.6861
2086.4787
2086.5027
2086.6465
2086.6685
2086.9698
2088.0976
2088.3803
2088.4069
2088.6554
2088.6652
2088.681
2089.3543
2089.3636
2089.3756
2089.899
2090.6355
2090.6458
2090.6724
2090.6866
2091.8023
2091.9415
2091.986
2091.9992
2092.014
2092.0347
2092.375
2092.5229
2092.5345
2092.5455
2092.5724
2093.7524
2094.5591
2094.8932
2094.9051
2094.9377
2095.0259
2095.045
2095.503
2095.5149
2095.5285
2095.545
2095.6736
2095.7577
2095.7795
2095.7999
2095.8327
2095.8466
2095.8713
2095.9171
2095.9306
2096.1521
2096.1631
2096.1804
2096.1943
2096.526
2096.6205
2096.7166
2096.9218
2096.9373
2097.3006
2097.3099
2097.3342
2097.349
2097.3607
2097.3745
2097.4085
2097.6382
2097.6521
2097.8657
2097.8913
2097.9253
2098.0614
2098.2475
2098.7113
2098.7582
2098.8603
2098.8811
2098.9642
2099.2145
2099.8591
2100.1228
2100.1337
2100.2029
2100.6086
2100.6207
2100.6882
2101.5891
2101.6001
2101.6131
2101.6282
2101.7568
2102.7255
2102.7442
2102.7769
2103.8545
2103.8818
2104.3628
2104.4272
2104.5498
2104.6305
2104.6994
2104.8839
2105.4275
2106.0054
2106.0177
2106.0726
2107.5652
2107.5744
2107.5848
2107.5979
2107.6125
2107.6404
2107.6748
2107.7047
2107.7167
2107.7454
2107.7711
2107.7877
2107.8434
2108.16
2108.1758
2108.1851
2108.2427
2108.321
2108.3342
2108.5079
2108.5206
2108.5353
2108.5465
2108.5677
2109.3879
2109.3972
2109.4074
2109.4196
2109.4462
2109.4596
2109.4849
2109.501
2109.5211
2109.5366
2109.5504
2109.5663
2109.6031
2109.6456
2109.6864
2109.7199
2109.7955
2109.8115
2109.884
2109.9035
2109.9161
2109.9305
2110.0476
2110.0582
2110.1839
2110.1973
2110.7511
2110.7742
2110.8102
2110.8309
2111.3314
2112.5655
2112.581
2113.2027
2113.5591
2113.5682
2113.6027
2114.1453
2116.3456
2116.3747
2116.3996
2116.933
2116.9731
2116.9982
2117.3118
2118.0221
2118.0309
2118.042
2118.0839
2118.1136
2118.6204
2118.6308
2119.3225
2119.3411
2119.3505
2119.4244
2119.4371
2119.4721
2119.484
2119.9506
2119.9597
2119.9834
2121.7198
2121.8577
2121.8698
2121.8822
2121.8966
2121.9164
2121.9271
2121.9401
2122.5731
2122.5911
2122.9792
2122.9957
2123.1966
2123.9956
2124.0051
2124.0207
2124.0441
2124.0605
2124.0733
2124.1352
2124.1544
2124.3186
2124.329
2124.5273
2124.5499
2124.5911
2124.6716
2124.6844
2124.7827
2124.9735
2124.9941
2125.2521
2125.6856
2125.7113
2126.7428
2126.7554
2126.8048
2126.943
2126.958
2126.9695
2126.9813
2127.1935
2127.7685
2127.7863
2127.8155
2128.3473
2128.3731
2128.4464
2128.5319
2128.548
2129.2185
2129.2286
2129.2409
2129.2566
2129.2794
2129.7869
2129.7979
2130.4317
2130.4431
2130.7222
2130.8942
2130.9048
2130.9268
2130.9496
2131.5117
2131.5422
2131.5654
2131.5843
2131.5969
2131.7685
2131.7799
2131.8007
2131.8132
2131.8704
2132.229
2132.2678
2132.2816
2132.332
2132.3468
2133.3593
2134.4822
2134.4932
2135.3117
2135.3382
2135.3656
2135.378
2135.6279
2135.6465
2135.998
2136.0071
2136.0195
2136.2099
2136.9532
2137.7892
2137.8268
2138.006
2138.0138
2138.0256
2138.0413
2138.0763
2138.4601
2138.4695
2138.4797
2138.4939
2138.5069
2138.5314
2138.5439
2138.5574
2139.2011
2139.3904
2139.4324
2140.7321
2140.7429
2140.7532
2140.7647
2140.7832
2141.2467
2143.1142
2143.8643
2144.3117
2144.8525
2145.6007
2146.1956
2146.4345
2146.4477
2146.502
2146.5148
2146.5313
2146.5699
2146.865
2146.9133
2146.9447
2147.1254
2147.1437
2147.4651
2147.4813
2147.5202
2147.7188
2149.1656
2149.1821
2149.2646
2149.3181
2149.3353
2149.3725
2150.2062
2150.2352
2151.5397
2151.6264
2153.1592
2153.1735
2153.2256
2153.6002
2153.6513
2153.6771
2153.7217
2153.7801
2153.8114
2153.832
2154.1111
2154.2058
2154.2404
2154.2538
2154.2732
2154.2963
2154.3124
2154.3421
2154.6114
2154.6203
2154.6319
2154.645
2154.6653
2154.6915
2154.7485
2155.4272
2155.9291
2157.0378
2157.0508
2157.1074
2157.4762
2157.4893
2157.5043
2157.5895
2157.597
2157.6093
2157.6318
2157.6497
2157.6846
2157.7228
2158.0406
2158.0569
2158.1193
2158.1318
2158.3046
2158.3191
2158.4265
2159.9341
2159.9777
2160.1332
2160.1474
2160.2332
2160.2447
2161.4821
2161.7358
2161.7461
2161.7679
2162.0076
2162.0184
2162.0274
2162.0408
2162.0579
2162.7665
2163.402
2163.8799
2164.413
2164.4428
2164.5153
2165.1425
2166.0206
2166.0319
2166.8182
2166.8556
2166.9076
2166.9497
2166.9735
2167.1475
2167.2178
2167.6193
2167.6303
2167.6777
2167.6913
2167.717
2167.8133
2167.826
2167.8913
2167.904
2167.9247
2168.0782
2168.0892
2168.7454
2168.7582
2168.7852
2168.827
2168.8443
2168.8848
2169.6537
2169.6825
2169.7038
2169.7159
2169.7667
2170.0492
2170.0582
2170.0827
2170.1221
2170.3032
2170.3126
2170.3247
2170.3432
2170.3627
2170.6276
2170.6381
2170.6531
2170.6674
2170.674
2170.6971
2170.8376
2170.854
2170.8819
2171.109
2171.5967
2171.6051
2171.6169
2171.6302
2171.6826
2171.7213
2171.7404
2171.7996
2171.8259
2171.8352
2171.8485
2171.9062
2172.5029
2172.5238
2173.5109
2173.5238
2173.5331
2173.5464
2173.5637
2173.5797
2173.5951
2173.7277
2173.7386
2173.7692
2173.7845
2173.8173
2174.0456
2174.0622
2174.1072
2174.2066
2174.2212
2174.3261
2174.3383
2174.3662
2174.5973
2174.6307
2174.7036
2174.947
2174.9589
2174.9885
2175.001
2175.0198
2175.1576
2175.1783
2175.2312
2175.5884
2175.9213
2176.5654
2176.5817
2176.5969
2176.641
2177.5763
2177.6947
2177.9433
2178.2842
2178.3442
2178.4661
2179.8776
2179.925
2180.2422
2180.277
2180.338
2180.4186
2180.4471
2180.5219
2180.5455
2180.5818
2180.5992
2180.693
2180.7263
2180.7533
2180.8817
2180.9018
2180.9337
2181.0254
2181.2544
2181.2766
2181.3122
2181.4481
2181.4644
2182.3943
2182.412
2182.457
2182.4822
2182.5256
2182.5501
2183.022
2183.0669
2183.0825
2183.1105
2183.1275
2183.2134
2183.3773
2183.4075
2183.4488
2183.4877
2183.6039
2183.7756
2183.7928
2184.1443
2184.5009
2185.1429
2185.192
2185.3288
2190.3069
2190.3194
2190.3322
2190.3444
2190.3611
2190.3741
2190.3994
2190.42
2190.5039
2190.5214
2190.5954
2190.6882
2191.3153
2191.3435
2191.357
2192.2428
2192.2576
2192.5044
2192.5457
2192.8287
2192.8478
2193.4121
2193.4548
2195.6163
2195.6275
2195.6527
2195.6679
2195.9099
2195.9219
2195.937
2195.9651
2195.9748
2195.9923
2196.029
2196.0404
2196.3106
2196.3279
2196.3506
2196.4375
2196.4563
2196.6999
2196.709
2197.2635
2198.7373
2198.7511
2198.7754
2199.8578
2199.8732
2200.5362
2202.6796
2202.6975
2202.7115
2202.7424
2202.7566
2202.7815
2203.2292
2203.2406
2203.2518
2203.2652
2203.2854
2203.8927
2205.5588
2205.5705
2205.5852
2205.5985
2205.6091
2205.637
2205.7993
2205.8142
2205.8812
2206.3146
2206.3252
2206.3427
2206.356
2206.5476
2206.5597
2206.5728
2206.8526
2210.0921
2210.1086
2211.3186
2211.3457
2211.4869
2211.4991
2214.7669
2214.7852
2214.8019
2214.8802
2214.8945
2214.9322
2214.9821
2215.0088
2215.058
2215.6319
2215.6409
2215.656
2215.6696
2216.772
2216.7934
2217.1083
2217.1245
2217.144
2217.1667
2217.1861
2217.2252
2218.7734
2218.7845
2218.8041
2218.8284
2218.8666
2219.2098
2219.2421
2219.2576
2219.2768
2221.7738
2221.7901
2222.773
2222.9346
2223.045
2227.1116
2227.1361
2227.4822
2227.4973
2227.509
2227.5623
2227.9284
2228.5806
2228.6045
2228.6208
2228.7659
2228.7798
2231.0328
2231.046
2231.0631
2231.0731
2231.104
2231.1919
2231.2102
2231.2397
2231.6983
2231.7119
2231.7408
2231.7654
2231.8623
2231.8723
2231.8823
2231.9185
2234.025
2234.051
2234.0652
2234.1001
2234.1847
2234.2044
2234.2886
2244.3695
2244.3921
2248.4873
2248.5
2248.5205
2251.5483
2251.5686
2251.6018
2252.8639
2252.8723
2252.8859
2252.9715
2253.0615
2253.0917
2253.1041
2254.168
2254.1871
2255.4493
2255.472
2255.5258
2255.5836
2255.7622
2255.7722
2255.803
2255.8138
2255.8408
2255.8932
2258.838
2258.851
2258.8777
2258.9019
2258.9383
2259.0174
2259.0876
2259.1275
2259.1477
2259.2047
2259.7047
2259.7322
2259.7514
2259.7726
2259.8421
2259.8862
2259.9061
2259.9249
2260.5753
2260.5863
2260.6026
2260.6665
2260.6874
2260.7569
2261.9049
2262.7111
2262.7212
2262.7344
2262.753
2262.7735
2262.8012
2262.8519
2262.9031
2262.9171
2263.1528
2263.2064
2263.2258
2263.2797
2263.2911
2263.3223
2263.3346
2263.5946
2263.6075
2263.635
2263.9379
2264.017
2264.0329
2264.0498
2264.27
2264.2789
2264.2904
2264.3223
2264.3327
2264.7222
2264.7315
2264.7995
2264.8446
2264.8704
2265.2813
2265.2911
2265.3056
2265.3202
2265.3311
2265.3438
2265.3578
2266.022
2266.0372
2266.0731
2266.0843
2266.1679
2266.7022
2266.7109
2266.7276
2266.7551
2266.802
2266.8785
2266.8923
2266.9046
2266.9222
2266.933
2266.9488
2266.9679
2267.1462
2267.2297
2267.3107
2267.5245
2267.5487
2267.636
2267.8545
2267.8694
2268.3553
2268.3666
2268.7448
2268.7579
2268.7856
2268.8014
2270.0717
2270.5696
2271.0134
2271.0249
2271.0385
2271.0552
2271.0667
2271.084
2271.5998
2271.6742
2271.7791
2271.7874
2271.803
2271.8241
2271.8636
2271.8939
2271.9435
2271.9613
2271.9941
2272.0411
2272.0663
2272.2873
2272.3056
2272.3186
2272.5587
2272.5679
2272.5792
2272.5937
2272.6109
2272.743
2272.7516
2272.7772
2272.7955
2272.9787
2273.0681
2273.11
2273.9002
2273.9109
2273.9308
2274.0289
2274.0451
2274.0594
2274.074
2274.1011
2274.1121
2274.1261
2274.1447
2274.1606
2274.487
2274.4966
2274.507
2274.5185
2274.5369
2274.7749
2274.7834
2274.7951
2274.8073
2274.8178
2274.8299
2274.8455
2274.8555
2274.8695
2274.8917
2274.9048
2275.1081
2275.1309
2275.4562
2275.4684
2275.479
2275.5019
2275.5342
2276.0619
2276.0753
2276.1064
2276.5409
2276.9329
2276.9622
2276.9806
2277.8257
2277.8526
2277.8744
2278.1892
2278.2037
2278.2175
2278.2669
2278.3837
2278.3981
2278.9071
2278.9246
2279.4861
2279.4968
2279.8027
2280.1242
2280.1816
2280.2154
2280.8319
2283.7614
2283.7727
2283.7879
2283.9711
2284.636
2285.0904
2285.1004
2285.1107
2285.1549
2285.4121
2285.6755
2285.6848
2285.7289
2285.7684
2285.7821
2285.7957
2285.8168
2286.0276
2286.4464
2286.4595
2286.4821
2286.5371
2286.5499
2286.7335
2286.7451
2286.7731
2286.7844
2286.8045
2286.9908
2287.0603
2288.0094
2288.0186
2288.0287
2288.0379
2288.0496
2288.0653
2288.0836
2288.0941
2288.1115
2288.1319
2288.1365
2288.1657
2288.2383
2288.2519
2288.3
2288.3232
2288.3383
2288.3741
2288.4183
2288.4292
2288.4997
2288.5241
2288.6731
2288.6876
2288.7419
2288.8827
2288.896
2288.9075
2289.0436
2289.4568
2289.4832
2289.4996
2289.565
2289.901
2289.9135
2289.9246
2289.9415
2289.9623
2289.9735
2289.9869
2290.0315
2290.208
2290.2223
2291.4805
2291.4924
2291.5065
2291.5253
2291.5478
2291.761
2291.7814
2291.81
2292.3391
2292.3571
2292.3835
2292.4086
2292.4293
2296.7084
2296.7293
2296.745
2296.78
2298.937
2299.5023
2299.5166
2302.4166
2302.4278
2302.4425
2302.907
2302.9233
2303.1022
2303.1113
2303.1257
2303.1415
2303.1724
2303.2463
2303.3015
2303.4295
2303.4731
2303.5006
2303.5137
2303.5405
2303.5518
2303.823
2303.8551
2303.8745
2303.8957
2303.916
2303.9747
2306.6502
2311.1123
2311.2654
2311.2989
2311.3207
2311.3342
2311.3506
2311.4265
2312.5786
2312.6187
2313.5387
2313.5501
2314.8744
2314.9745
2315.1142
2315.146
2315.3997
2315.4292
2315.7678
2315.7809
2315.7986
2315.9898
2316.0075
2316.3452
2316.3572
2316.3754
2316.3917
2316.9145
2316.9221
2316.9347
2316.9462
2316.963
2316.9961
2317.0445
2317.067
2317.1224
2317.1741
2317.2407
2319.6883
2319.7002
2320.3969
2320.4089
2322.0308
2322.0702
2322.0901
2322.2403
2322.6616
2322.6719
2322.7049
2323.6669
2323.6789
2323.7005
2323.7118
2323.7801
2323.7996
2326.2204
2326.235
2326.5832
2326.5942
2326.6084
2326.6192
2327.0174
2327.044
2327.0569
2327.095
2327.7568
2327.8745
2328.5636
2328.5784
2329.2728
2329.3114
2329.3255
2329.3749
2329.4033
2329.4315
2329.4482
2330.393
2330.4161
2330.4751
2330.6272
2330.6382
2330.6589
2330.6811
2330.6989
2331.0521
2331.0612
2331.1012
2331.1158
2331.128
2335.2417
2335.2525
2335.3987
2335.4123
2336.3522
2336.8198
2336.8405
2340.2343
2340.271
2340.5996
2340.6116
2340.651
2340.6991
2340.7905
2340.8114
2340.8983
2341.1492
2341.1962
2341.2131
2341.4323
2341.4654
2341.5086
2342.8008
2342.8288
2343.0622
2343.1633
2343.5832
2344.0701
2344.086
2344.1512
2344.1655
2344.377
2344.4077
2344.4305
2344.6125
2344.92
2344.9289
2344.9432
2345.4452
2345.8572
2345.8746
2345.8938
2345.9259
2346.5606
2346.5974
2348.3361
2348.6853
2348.996
2349.302
2349.865
2349.8778
2350.4736
2351.5893
2351.6374
2351.6488
2351.7853
2352.1599
2352.1724
2352.1824
2352.2082
2352.2265
2352.25
2352.3703
2352.3797
2352.3913
2352.4073
2352.4678
2352.6588
2352.9672
2354.2725
2354.2827
2354.3032
2356.9147
2356.934
2356.9526
2357.3321
2357.3416
2357.3662
2357.3901
2359.112
2359.1241
2359.1363
2359.1532
2359.1704
2359.1817
2359.1999
2359.2119
2359.2881
2359.3312
2359.3465
2359.8295
2359.8425
2360.2604
2360.4261
2360.4451
2360.5622
2360.5801
2360.6316
2360.6466
2360.6802
2360.7083
2360.9348
2360.9594
2360.9756
2361.0006
2361.2489
2361.2671
2361.2859
2362.0754
2362.0902
2362.5809
2362.631
2363.3741
2363.3937
2364.5166
2364.5465
2364.8155
2364.9359
2365.1708
2365.1847
2365.2401
2365.8329
2365.864
2365.9187
2365.9555
2365.9702
2366.0861
2366.7704
2367.6
2367.6109
2367.6245
2367.7735
2367.9834
2367.9918
2368.0041
2368.0152
2368.0283
2368.0525
2368.065
2368.0747
2368.2759
2368.6086
2368.6341
2368.6484
2369.7573
2370.2457
2372.3062
2372.8547
2372.8708
2372.8847
2372.9036
2373.1995
2373.2127
2373.4138
2374.2697
2374.9583
2374.9781
2375.0315
2375.1098
2376.8947
2376.9147
2376.9429
2376.9909
2377.0461
2377.3234
2377.3339
2377.3549
2377.3767
2377.4219
2377.4462
2377.5308
2377.8993
2377.9087
2379.9012
2380.8503
2381.1359
2381.1508
2381.1922
2381.3133
2381.322
2381.3325
2381.3442
2381.3791
2381.39
2381.4504
2381.5854
2381.5944
2381.6035
2381.6143
2381.9008
2381.9487
2381.9691
2382.1177
2382.2112
2382.2274
2382.2909
2382.3086
2382.6051
2383.2524
2383.264
2383.8543
2384.1621
2384.8607
2384.8826
2385.2947
2385.3161
2385.3397
2385.3631
2385.3747
2385.4335
2385.4483
2385.7979
2385.8091
2385.8188
2385.8323
2385.8559
2385.8743
2385.8932
2385.9129
2386.2263
2386.2351
2386.259
2386.2868
2386.3012
2386.3217
2386.7112
2386.7256
2386.7622
2386.7737
2386.8072
2386.8454
2386.8578
2386.8867
2387.0968
2387.1095
2388.1003
2389.4585
2389.4817
2389.5117
2390.0766
2390.0909
2390.11
2390.1579
2390.2192
2390.3886
2390.404
2390.4179
2390.4496
2390.5953
2391.0271
2392.2833
2392.2946
2392.6566
2392.9487
2393.1439
2393.2279
2393.2416
2395.6399
2395.6763
2396.5488
2396.7705
2396.8609
2397.8753
2401.8538
2402.018
2403.4129
2403.429
2403.54
2403.768
2403.7818
2403.8542
2404.0901
